ilmnseq_rs11572127_ilmndup1,10,95054932,3,0,0,0,0,0,0,0,0,0,0,0,0,0,0,0,0,0,0,0
GSA-rs12442201,15,54374929,3,0,0,0,0,0,0,0,0,0,0,0,0,0,0,0,0,0,0,0
GSA-rs1334419,10,127136246,0,0,0,0,0,0,0,0,0,0,0,0,0,0,0,0,0,0,0,3
rs9366890,6,35595197,0,0,0,0,0,0,0,0,0,0,0,0,0,0,0,0,0,0,0,3
ilmnseq_5:125904304,5,126568612,0,0,0,0,0,0,0,0,0,0,0,0,0,0,0,0,0,0,0,3
GSA-rs78395208,5,74776969,3,0,0,0,0,0,0,0,0,0,0,0,0,0,0,0,0,0,0,0
ilmnseq_5:125904304_ilmndup1,5,126568612,0,0,0,0,0,0,0,0,0,0,0,0,0,0,0,0,0,0,0,3
ilmnseq_rs371851212.2_F2BT,6,46709366,0,0,0,0,0,0,0,0,0,0,0,0,0,0,0,0,0,0,1,2
ilmnseq_rs81002844,13,32379747,3,0,0,0,0,0,0,0,0,0,0,0,0,0,0,0,0,0,0,0
GSA-rs76801822,2,146284921,2,0,0,0,0,0,0,0,1,0,0,0,0,0,0,0,0,0,0,0
seq-rs146308738.1,6,54940039,0,0,0,0,0,0,0,0,0,0,0,0,0,0,0,0,0,0,0,3
seq-rs138338682,2,45573328,0,0,0,0,0,0,0,0,0,0,0,0,0,0,0,0,0,0,0,3
seq-rs45476795,7,87426862,0,0,0,0,0,0,0,0,0,0,0,0,0,0,0,0,0,0,0,3
ilmnseq_rs11591741_ilmndup1,10,100216744,0,0,0,0,0,0,0,0,0,1,0,1,0,0,0,0,0,0,0,1
GSA-15:41262218,15,40970020,0,0,0,0,0,0,0,0,0,0,0,0,0,0,0,0,0,0,0,3
rs13414223,2,182740350,0,0,0,0,0,0,0,0,0,0,0,0,0,0,0,0,0,0,0,3
ilmnseq_1:171074203_ilmndup1,1,171105062,1,0,0,0,0,0,0,0,0,0,0,1,0,0,0,0,1,0,0,0
GSA-rs28484848,8,82282557,2,0,0,0,0,0,0,1,0,0,0,0,0,0,0,0,0,0,0,0
GSA-rs79489342,1,78657109,0,0,0,0,0,0,0,0,0,0,0,0,0,0,0,0,0,0,0,3
ilmnseq_rs869025224,2,97734709,3,0,0,0,0,0,0,0,0,0,0,0,0,0,0,0,0,0,0,0
ilmnseq_3:14513452_ilmndup1,3,14471944,3,0,0,0,0,0,0,0,0,0,0,0,0,0,0,0,0,0,0,0
rs12990918,2,191088663,0,0,0,0,0,0,0,0,0,0,0,0,0,0,0,0,0,0,0,3
seq-rs147443404.1,2,54343858,3,0,0,0,0,0,0,0,0,0,0,0,0,0,0,0,0,0,0,0
ilmnseq_rs587778870,13,48345145,0,0,0,0,0,0,0,0,0,0,0,0,0,0,0,0,0,0,0,3
GSA-rs7607347,2,141009383,3,0,0,0,0,0,0,0,0,0,0,0,0,0,0,0,0,0,0,0
GSA-rs55841821,19,57412448,0,0,0,0,0,0,0,0,0,0,1,0,0,0,0,0,0,0,0,2
ilmnseq_rs375600124.2_F2BT,1,21880524,0,0,0,0,0,0,0,0,0,0,0,0,0,0,0,0,0,0,0,3
ilmnseq_rs5016465.2_F2BT,4,68661413,3,0,0,0,0,0,0,0,0,0,0,0,0,0,0,0,0,0,0,0
seq-rs147443404,2,54343858,0,0,0,0,0,0,0,0,0,0,0,0,0,0,0,0,0,0,0,3
chr20-1532337,20,1551691,0,0,0,0,0,0,0,0,0,0,0,0,0,0,0,0,0,0,0,3
IlmnSeq_rs587776700,11,47347030,3,0,0,0,0,0,0,0,0,0,0,0,0,0,0,0,0,0,0,0
ilmnseq_rs587779672_F2BT,2,189007510,0,0,0,0,0,0,0,0,0,0,0,0,0,0,0,0,0,0,0,3
chr7-123143419,7,123503365,3,0,0,0,0,0,0,0,0,0,0,0,0,0,0,0,0,0,0,0
ilmnseq_rs6864869_ilmndup1,5,89756040,2,0,0,0,0,0,0,0,0,0,0,0,0,1,0,0,0,0,0,0
rs34723936,18,46566324,0,0,0,0,0,0,0,0,0,0,0,0,0,0,0,0,0,0,0,3
GSA-rs117528898,21,20668246,3,0,0,0,0,0,0,0,0,0,0,0,0,0,0,0,0,0,0,0
GSA-rs116923590,11,26647371,2,0,0,0,0,0,0,0,0,1,0,0,0,0,0,0,0,0,0,0
rs4694362,4,71028147,0,1,0,0,0,0,0,0,0,0,1,0,0,0,0,0,0,0,0,1
GSA-rs116337739,20,11650368,0,0,0,0,0,0,0,0,0,0,0,1,0,0,0,0,0,0,0,2
GSA-rs117171778,14,64324913,1,0,0,0,0,0,0,0,0,0,0,0,0,0,0,0,0,0,0,2
GSA-rs191158999,14,80988071,0,0,0,0,0,0,0,0,0,0,0,0,0,0,0,0,0,0,0,3
rs2069062,3,6992862,0,0,0,0,0,0,0,0,0,0,0,0,0,0,0,0,0,0,0,3
GSA-rs77627354,2,176023134,3,0,0,0,0,0,0,0,0,0,0,0,0,0,0,0,0,0,0,0
GSA-rs112850468,10,76022742,0,0,0,0,0,0,0,0,0,0,0,0,0,0,0,0,0,0,0,3
seq-rs61744153.1,2,21005391,3,0,0,0,0,0,0,0,0,0,0,0,0,0,0,0,0,0,0,0
IlmnSeq_rs730881543,13,32340855,0,0,0,0,0,0,0,0,0,0,0,0,0,0,0,0,0,0,0,3
GSA-rs11002487,10,52548580,0,0,0,0,0,0,0,0,0,0,0,0,0,0,0,0,0,0,0,3
GSA-rs72792235,5,127948101,3,0,0,0,0,0,0,0,0,0,0,0,0,0,0,0,0,0,0,0
rs61754947,5,90651609,3,0,0,0,0,0,0,0,0,0,0,0,0,0,0,0,0,0,0,0
GSA-rs34800381,11,98212091,0,0,0,0,0,0,0,0,0,0,0,0,0,0,0,0,0,0,0,3
GSA-rs79599131,14,82913978,2,0,0,0,0,1,0,0,0,0,0,0,0,0,0,0,0,0,0,0
rs115330112,1,235775029,3,0,0,0,0,0,0,0,0,0,0,0,0,0,0,0,0,0,0,0
chr12-100441837,12,100048059,3,0,0,0,0,0,0,0,0,0,0,0,0,0,0,0,0,0,0,0
GSA-rs1216370,4,128574304,1,0,0,0,0,0,0,0,0,1,0,0,0,0,0,0,0,0,0,1
rs6864869,5,89756040,2,0,0,0,0,0,0,0,0,0,0,0,1,0,0,0,0,0,0,0
seq-rs186989674.1,11,124881243,0,0,0,0,0,0,0,0,0,0,0,0,0,0,0,0,0,0,0,3
ilmnseq_15:58286500,15,57994302,3,0,0,0,0,0,0,0,0,0,0,0,0,0,0,0,0,0,0,0
GSA-rs184425526,4,107375441,3,0,0,0,0,0,0,0,0,0,0,0,0,0,0,0,0,0,0,0
rs1396830,2,210271888,2,0,0,0,0,0,0,0,0,0,0,0,0,1,0,0,0,0,0,0
GSA-rs117697381,16,82127674,3,0,0,0,0,0,0,0,0,0,0,0,0,0,0,0,0,0,0,0
rs1357617,3,920099,2,0,0,0,0,0,0,0,0,0,0,0,0,0,0,0,0,0,0,1
ilmnseq_7:117291132,7,117651078,3,0,0,0,0,0,0,0,0,0,0,0,0,0,0,0,0,0,0,0
chr15-40031992,15,39739791,3,0,0,0,0,0,0,0,0,0,0,0,0,0,0,0,0,0,0,0
seq-rs267607940,2,47416430,0,0,0,0,0,0,0,0,0,0,0,0,0,0,0,0,0,0,0,3
GSA-rs75977335,11,55080380,0,0,0,0,0,0,0,0,0,0,0,0,0,0,0,0,0,0,0,3
GSA-rs10483351,14,29539908,2,0,0,0,0,0,0,0,1,0,0,0,0,0,0,0,0,0,0,0
GSA-rs4331059,11,98194226,0,0,0,0,0,0,0,0,0,0,0,0,0,0,0,0,0,0,0,3
rs2706095,4,167402629,2,0,0,0,0,0,0,0,0,0,0,0,0,0,0,0,0,0,0,1
rs926127,8,126308382,0,0,0,0,0,0,0,0,0,0,0,0,0,0,0,0,0,0,0,3
GSA-rs28703623,12,19473380,0,0,0,0,0,0,0,0,0,0,0,1,0,1,1,0,0,0,0,0
chr12-118577358,12,118139553,3,0,0,0,0,0,0,0,0,0,0,0,0,0,0,0,0,0,0,0
DUP-seq-rs587779687,2,188992886,0,0,0,0,0,0,0,0,0,0,0,0,0,0,0,0,0,0,0,3
ilmnseq_8:70481100,8,69568865,0,0,0,0,0,1,0,0,0,0,0,0,0,0,1,0,0,0,0,1
seq-rs1133642.1,15,30974944,1,0,0,0,0,0,0,0,0,1,0,1,0,0,0,0,0,0,0,0
GSA-rs979002,14,38900334,0,0,0,0,0,0,0,0,0,0,0,0,0,0,0,0,0,0,0,3
GSA-rs76378876,6,139927218,3,0,0,0,0,0,0,0,0,0,0,0,0,0,0,0,0,0,0,0
GSA-rs79997813,14,42684234,3,0,0,0,0,0,0,0,0,0,0,0,0,0,0,0,0,0,0,0
GSA-rs62073491,18,191652,0,0,0,0,0,0,0,0,0,1,0,0,0,0,0,0,0,0,0,2
rs2389643,2,162010482,0,0,0,0,0,0,0,0,1,0,0,0,0,0,0,0,0,0,0,2
GSA-rs8037429,15,53324712,1,0,0,0,0,0,0,0,0,1,0,0,1,0,0,0,0,0,0,0
ilmnseq_rs730880690,11,47342575,0,0,0,0,0,0,0,0,0,0,0,0,0,0,0,0,0,0,0,3
GSA-rs114999175,1,84928180,0,0,0,0,0,0,0,0,0,0,0,0,0,0,0,0,0,0,0,3
GSA-rs35283268,22,27048547,0,0,0,0,0,0,0,0,0,0,0,0,0,0,0,0,0,0,0,3
GSA-rs2215383,7,15023358,1,0,0,0,0,0,0,0,0,0,0,0,0,0,0,0,0,0,0,2
GSA-rs11068466,12,117398072,3,0,0,0,0,0,0,0,0,0,0,0,0,0,0,0,0,0,0,0
rs4752926,11,46671320,0,0,0,0,0,0,0,0,1,1,0,0,0,0,0,0,0,0,0,1
GSA-6:117540917,6,117219754,3,0,0,0,0,0,0,0,0,0,0,0,0,0,0,0,0,0,0,0
ilmnseq_rs587779461_F2BT,2,189001450,0,0,0,0,0,0,0,0,0,0,0,0,0,0,0,0,0,0,0,3
GSA-rs12430377,13,109047859,0,0,0,0,0,0,0,0,0,0,0,0,0,0,0,0,0,0,0,3
rs11572127,10,95054932,3,0,0,0,0,0,0,0,0,0,0,0,0,0,0,0,0,0,0,0
ilmnseq_rs116660078_ilmndup1,1,63429123,3,0,0,0,0,0,0,0,0,0,0,0,0,0,0,0,0,0,0,0
rs6030766,20,43305438,1,0,0,0,0,1,0,1,0,0,0,0,0,0,0,0,0,0,0,0
GSA-rs78025186,4,102151681,3,0,0,0,0,0,0,0,0,0,0,0,0,0,0,0,0,0,0,0
GSA-rs11255139,10,5780707,3,0,0,0,0,0,0,0,0,0,0,0,0,0,0,0,0,0,0,0
rs2472300,15,74741568,0,0,0,0,0,0,0,0,0,2,0,0,0,0,0,0,0,0,0,1
chr8-99045866,8,98033638,0,0,0,0,0,0,0,0,0,0,0,0,0,0,0,0,0,0,0,3
GSA-rs34910407,14,68097759,3,0,0,0,0,0,0,0,0,0,0,0,0,0,0,0,0,0,0,0
GSA-rs7122453,11,36050045,0,0,0,0,0,0,0,0,0,0,0,0,0,0,0,0,0,0,0,3
ilmnseq_rs13104260_ilmndup1,4,69482372,0,0,0,0,0,0,0,0,0,0,0,0,0,0,0,0,0,0,0,3
rs7474901,10,24608108,2,0,0,0,0,0,0,0,0,0,1,0,0,0,0,0,0,0,0,0
GSA-rs7132431,12,55320988,2,0,0,0,0,0,0,0,0,0,0,0,0,0,0,0,0,0,0,1
GSA-rs12308701,12,44408139,0,0,0,0,0,1,0,0,0,0,0,0,0,0,0,0,0,0,0,2
GSA-rs35250279,15,33673441,3,0,0,0,0,0,0,0,0,0,0,0,0,0,0,0,0,0,0,0
GSA-rs62383485,5,113895256,3,0,0,0,0,0,0,0,0,0,0,0,0,0,0,0,0,0,0,0
GSA-rs7145153,14,80218522,0,0,0,0,0,0,0,0,0,0,0,0,0,0,0,0,0,0,0,3
GSA-rs75598143,10,54166373,0,0,0,0,0,0,0,0,0,0,0,0,0,0,0,0,0,0,0,3
rs10027912,4,87544190,0,1,0,0,0,0,0,0,0,0,0,0,1,0,0,0,0,0,0,1
rs1878200,2,188971952,1,0,0,0,0,0,0,0,0,0,0,1,0,0,0,0,0,0,0,1
rs1969624,3,45693326,0,0,0,0,0,0,0,0,0,0,0,0,0,0,0,0,0,0,0,3
rs28539243,16,54648152,0,0,0,0,0,0,0,1,0,0,1,0,0,0,0,0,0,0,0,1
GSA-rs78557694,1,4117682,3,0,0,0,0,0,0,0,0,0,0,0,0,0,0,0,0,0,0,0
rs362509,6,29573084,1,0,0,0,1,0,0,0,0,0,0,0,0,0,0,0,0,0,0,1
seq-rs765692335,15,48534129,0,0,0,0,0,0,0,0,0,0,0,0,0,0,0,0,0,0,0,3
ilmnseq_rs587778849,13,48463788,0,0,0,0,0,0,0,0,0,0,0,0,0,0,0,0,0,0,0,3
GSA-rs7517159,1,162235072,0,0,0,0,0,0,0,0,0,0,0,0,0,0,0,0,0,0,0,3
GSA-rs11171791,12,56289032,3,0,0,0,0,0,0,0,0,0,0,0,0,0,0,0,0,0,0,0
seq-rs116803472.1,15,61983868,0,0,0,0,0,0,0,0,0,0,0,0,0,0,0,0,0,0,0,3
GSA-rs114061137,5,150775550,3,0,0,0,0,0,0,0,0,0,0,0,0,0,0,0,0,0,0,0
GSA-rs115084361,6,10963782,0,0,0,0,0,0,0,0,0,0,0,0,0,0,0,0,0,0,0,3
GSA-rs16925868,12,10938952,3,0,0,0,0,0,0,0,0,0,0,0,0,0,0,0,0,0,0,0
rs1571769,10,16479900,0,0,0,0,0,0,0,0,1,1,0,0,0,0,0,0,0,0,0,1
ilmnseq_11:17416097,11,17394550,0,0,0,0,0,0,0,0,0,0,0,0,0,0,0,0,0,0,0,3
GSA-rs4777581,15,73027674,2,0,0,0,0,0,0,0,0,1,0,0,0,0,0,0,0,0,0,0
GSA-rs11170445,12,53151908,2,0,0,0,0,0,0,0,0,0,0,0,0,0,0,0,0,0,0,1
rs192288680,8,93809134,3,0,0,0,0,0,0,0,0,0,0,0,0,0,0,0,0,0,0,0
GSA-rs506418,11,35601599,1,0,0,0,0,0,0,0,1,0,0,0,0,0,0,0,0,0,0,1
rs648253,6,160048117,0,0,0,0,0,0,0,1,0,0,0,0,0,0,0,0,0,0,0,2
seq-rs138338682.1,2,45573328,3,0,0,0,0,0,0,0,0,0,0,0,0,0,0,0,0,0,0,0
rs2395178,6,32437585,3,0,0,0,0,0,0,0,0,0,0,0,0,0,0,0,0,0,0,0
GSA-rs7313297,12,115097576,0,0,0,0,0,0,0,0,0,0,0,1,0,0,0,0,0,0,0,2
GSA-rs7971281,12,76331029,1,0,0,0,0,0,0,0,0,1,0,1,0,0,0,0,0,0,0,0
rs1425053,8,119200751,2,0,0,0,0,0,0,0,0,0,0,0,0,0,0,0,0,0,0,1
rs1568885,7,13597906,0,0,0,0,0,0,0,0,0,0,1,0,0,0,0,0,0,0,0,2
rs9277052,6,33038155,2,0,0,0,0,0,0,1,0,0,0,0,0,0,0,0,0,0,0,0
GSA-rs80275025,17,68625069,0,0,0,0,0,0,0,0,0,0,0,0,0,0,0,0,0,0,0,3
ilmnseq_15:92422210,15,91878980,0,0,0,0,0,0,0,0,0,0,0,0,0,0,0,0,0,0,0,3
GSA-rs11070582,15,47394393,0,0,0,0,0,0,0,0,0,0,0,0,0,0,0,0,0,0,0,3
GSA-rs1550669,13,53412126,2,0,0,0,0,0,0,1,0,0,0,0,0,0,0,0,0,0,0,0
GSA-rs1861367,12,97404784,1,0,0,0,0,0,0,1,1,0,0,0,0,0,0,0,0,0,0,0
GSA-rs73448694,18,52487046,0,0,0,0,0,0,1,0,0,0,0,0,0,0,0,0,0,0,0,2
GSA-rs77585104,4,69460391,3,0,0,0,0,0,0,0,0,0,0,0,0,0,0,0,0,0,0,0
GSA-rs78967083,1,44370838,0,0,0,0,0,0,0,0,0,0,0,0,0,0,0,0,0,0,0,3
rs12188300,5,159402519,0,0,0,0,0,0,0,1,0,0,1,0,0,0,0,0,0,0,0,1
rs4918664,10,93161308,1,0,0,0,0,0,0,0,1,0,0,0,0,0,0,0,0,0,0,1
rs2043664,9,104931964,0,0,0,0,0,0,0,0,0,0,0,0,0,0,0,0,0,0,0,3
rs3865188,16,82617112,0,0,0,0,0,0,0,0,0,1,1,0,0,0,1,0,0,0,0,0
rs4713305,6,30285059,0,0,0,0,0,0,0,0,0,0,0,0,0,0,1,0,0,0,0,2
GSA-rs116983971,9,125323997,3,0,0,0,0,0,0,0,0,0,0,0,0,0,0,0,0,0,0,0
seq-rs587780192,22,28699929,0,0,0,0,0,0,0,0,0,0,0,0,0,0,0,0,0,0,1,2
rs9262289,6,30917909,2,0,0,0,0,0,0,0,0,0,0,0,0,0,0,0,0,0,0,1
GSA-rs1963626,11,107822394,0,0,0,0,0,0,0,0,0,1,0,1,0,1,0,0,0,0,0,0
GSA-rs16867368,2,180788537,3,0,0,0,0,0,0,0,0,0,0,0,0,0,0,0,0,0,0,0
ilmnseq_15:92639988,15,92096758,3,0,0,0,0,0,0,0,0,0,0,0,0,0,0,0,0,0,0,0
rs190239785,10,66280504,3,0,0,0,0,0,0,0,0,0,0,0,0,0,0,0,0,0,0,0
GSA-rs72982051,2,160196564,3,0,0,0,0,0,0,0,0,0,0,0,0,0,0,0,0,0,0,0
ilmnseq_rs763998635,19,11105379,3,0,0,0,0,0,0,0,0,0,0,0,0,0,0,0,0,0,0,0
GSA-rs77331092,16,61852318,3,0,0,0,0,0,0,0,0,0,0,0,0,0,0,0,0,0,0,0
GSA-rs191882171,12,73569709,3,0,0,0,0,0,0,0,0,0,0,0,0,0,0,0,0,0,0,0
rs11746138,5,159346771,0,0,0,0,0,0,0,0,0,0,0,0,0,0,0,0,0,0,0,3
GSA-rs75568793,10,74759352,0,0,0,0,0,0,0,0,1,0,0,0,0,0,0,0,0,0,0,2
GSA-rs117854497,12,14273449,0,0,0,0,0,0,0,0,0,0,0,0,0,0,0,0,0,0,0,3
rs6694222,1,247777890,2,0,0,0,0,1,0,0,0,0,0,0,0,0,0,0,0,0,0,0
rs17268806,2,56379094,2,0,0,0,0,0,0,0,0,0,0,1,0,0,0,0,0,0,0,0
rs2523502,6,31546087,0,0,0,0,0,0,0,0,0,0,0,0,0,0,0,0,0,0,0,3
ilmnseq_rs377444691.2_F2BT,21,45496501,3,0,0,0,0,0,0,0,0,0,0,0,0,0,0,0,0,0,0,0
GSA-rs78706189,13,97928612,2,0,0,0,0,0,0,0,0,1,0,0,0,0,0,0,0,0,0,0
rs16853238,2,215049722,3,0,0,0,0,0,0,0,0,0,0,0,0,0,0,0,0,0,0,0
GSA-rs17226542,12,70760186,3,0,0,0,0,0,0,0,0,0,0,0,0,0,0,0,0,0,0,0
rs142817656,1,154170689,3,0,0,0,0,0,0,0,0,0,0,0,0,0,0,0,0,0,0,0
GSA-rs2239247,14,72335528,0,0,0,0,0,0,0,0,0,1,0,0,0,0,0,0,0,0,0,2
GSA-rs72651420,4,72010269,2,0,0,0,0,0,0,0,0,0,0,0,0,0,0,0,0,0,1,0
rs763869,8,1427444,1,0,0,0,0,0,0,0,0,0,0,0,0,0,0,1,0,0,1,0
seq-rs10179277.1,2,208306775,3,0,0,0,0,0,0,0,0,0,0,0,0,0,0,0,0,0,0,0
GSA-rs72806553,10,59070503,3,0,0,0,0,0,0,0,0,0,0,0,0,0,0,0,0,0,0,0
rs4660740,1,43682946,0,0,0,0,0,0,0,0,0,2,0,0,0,0,0,0,0,0,0,1
rs7792118,7,7978850,3,0,0,0,0,0,0,0,0,0,0,0,0,0,0,0,0,0,0,0
rs994533,2,217419555,1,0,0,0,0,0,0,0,0,0,0,0,0,0,1,0,0,0,0,1
exm2269319,2,129765321,0,0,0,0,0,0,0,0,0,0,0,0,0,0,0,0,0,0,0,3
GSA-rs10520267,4,174035261,0,0,0,0,0,0,1,0,0,0,0,0,0,0,0,0,0,0,1,1
GSA-rs115003157,5,164433231,0,0,0,0,0,0,0,0,0,0,0,0,0,0,0,0,0,0,0,3
GSA-rs116734890,6,39691331,0,0,0,0,0,0,0,0,0,0,0,0,0,0,0,0,0,0,0,3
GSA-rs116985271,19,32458814,0,0,0,0,0,0,0,0,0,0,0,0,0,0,0,0,0,0,0,3
GSA-rs117153858,21,17271288,3,0,0,0,0,0,0,0,0,0,0,0,0,0,0,0,0,0,0,0
GSA-rs45494092,16,23635536,2,0,0,0,0,0,0,0,0,0,0,1,0,0,0,0,0,0,0,0
GSA-rs62296417,4,19332680,2,0,0,0,0,0,0,0,0,0,1,0,0,0,0,0,0,0,0,0
GSA-rs73243906,14,29891506,3,0,0,0,0,0,0,0,0,0,0,0,0,0,0,0,0,0,0,0
GSA-rs735653,15,79954558,0,0,0,0,0,0,0,0,0,0,0,0,0,0,0,0,0,0,0,3
GSA-rs74837373,10,7459482,3,0,0,0,0,0,0,0,0,0,0,0,0,0,0,0,0,0,0,0
GSA-rs75579863,21,28204980,3,0,0,0,0,0,0,0,0,0,0,0,0,0,0,0,0,0,0,0
GSA-rs77975715,2,234468608,0,0,0,0,0,0,0,0,0,0,0,0,0,0,0,0,0,0,0,3
GSA-rs79751870,4,79036296,3,0,0,0,0,0,0,0,0,0,0,0,0,0,0,0,0,0,0,0
rs1124493,11,113411573,0,0,0,0,0,0,0,1,0,0,0,0,0,1,0,0,0,0,0,1
rs117879704,11,8619490,3,0,0,0,0,0,0,0,0,0,0,0,0,0,0,0,0,0,0,0
rs1485993,11,69547646,0,0,0,0,0,0,0,0,0,0,0,0,0,0,0,0,0,0,0,3
rs72747885,15,61915712,3,0,0,0,0,0,0,0,0,0,0,0,0,0,0,0,0,0,0,0
exm2269288,2,79221795,0,0,0,0,0,0,0,0,1,1,0,0,0,0,0,0,0,0,0,1
GSA-rs115069062,13,76698322,0,0,0,0,0,0,0,0,0,0,0,0,0,0,0,0,0,0,0,3
GSA-rs113977130,3,69902598,3,0,0,0,0,0,0,0,0,0,0,0,0,0,0,0,0,0,0,0
rs7780001,7,19438358,0,0,0,0,0,0,0,0,0,0,1,0,0,0,0,0,0,0,0,2
ilmnseq_1:171223951,1,171254812,1,0,0,0,0,0,0,0,0,0,1,0,0,0,0,0,0,0,0,1
GSA-rs117437685,16,79444554,3,0,0,0,0,0,0,0,0,0,0,0,0,0,0,0,0,0,0,0
rs7202116,16,53787703,0,0,0,0,0,0,0,0,1,0,0,0,0,0,0,1,0,0,0,1
GSA-rs111563259,14,83484673,0,0,0,0,0,0,0,0,0,0,0,0,0,0,0,0,0,0,0,3
GSA-rs16990416,21,33261421,3,0,0,0,0,0,0,0,0,0,0,0,0,0,0,0,0,0,0,0
GSA-rs77415018,5,54325915,0,0,0,0,0,0,0,0,0,0,0,0,0,0,0,0,0,0,0,3
GSA-rs3901289,10,122267918,2,0,0,0,0,0,0,0,0,0,0,0,0,0,0,0,0,0,0,1
GSA-rs58889849,5,113616632,0,0,0,0,0,0,0,0,0,0,0,0,0,0,0,0,0,0,0,3
rs140901333,3,15217541,3,0,0,0,0,0,0,0,0,0,0,0,0,0,0,0,0,0,0,0
GSA-rs115275928,5,97763696,0,0,0,0,0,0,0,0,0,0,0,0,0,0,0,0,0,0,0,3
GSA-rs116742198,1,80696457,3,0,0,0,0,0,0,0,0,0,0,0,0,0,0,0,0,0,0,0
GSA-rs117921372,9,82209388,0,0,0,0,0,0,0,0,0,0,0,0,0,0,0,0,0,0,0,3
GSA-rs146810532,12,19969893,0,0,0,0,0,0,0,0,0,0,0,0,0,0,0,0,0,0,0,3
GSA-rs17074951,13,50809130,3,0,0,0,0,0,0,0,0,0,0,0,0,0,0,0,0,0,0,0
GSA-rs34337,12,9271712,1,0,0,0,0,0,0,0,0,0,1,0,0,1,0,0,0,0,0,0
GSA-rs58927784,1,191479158,0,0,0,0,0,0,0,0,0,0,0,0,0,0,0,0,0,0,0,3
GSA-rs61760237,12,132142820,0,0,0,0,0,0,0,1,0,0,0,0,0,0,0,0,0,0,0,2
GSA-rs73037504,3,22988407,2,0,0,0,0,0,0,1,0,0,0,0,0,0,0,0,0,0,0,0
GSA-rs74781359,12,10338947,0,0,0,0,0,0,0,0,0,0,0,0,0,0,0,0,0,0,0,3
GSA-rs75562643,9,106938131,0,0,0,0,0,0,0,0,0,0,0,0,0,0,0,0,0,0,0,3
GSA-rs78202598,18,13852512,0,0,0,0,0,0,0,0,0,0,0,0,0,0,0,0,0,0,0,3
GSA-rs78910017,20,21272730,0,0,0,0,0,0,0,0,0,1,0,0,0,0,0,0,0,0,0,2
GSA-rs7968917,12,81460608,0,0,0,0,0,0,0,0,0,0,0,0,0,0,0,0,0,0,0,3
GSA-rs9953116,18,49015092,1,1,0,0,0,0,0,0,0,0,0,1,0,0,0,0,0,0,0,0
rs8034802,15,58432593,0,0,0,0,0,0,0,0,0,1,0,0,0,0,0,0,0,0,0,2
rs35311343,4,186082575,0,0,0,0,0,0,0,0,0,0,0,0,0,0,0,0,0,0,0,3
GSA-rs16940123,18,46878415,3,0,0,0,0,0,0,0,0,0,0,0,0,0,0,0,0,0,0,0
rs1454836,15,47258857,0,0,0,0,0,0,0,0,0,0,0,0,1,0,0,0,0,0,0,2
rs35974081,16,30583423,0,0,0,0,0,0,0,0,0,0,0,0,0,0,0,0,0,0,0,3
rs3812594,9,136474501,0,0,0,0,0,0,0,1,0,0,0,0,0,0,0,0,0,0,0,2
GSA-rs117463930,18,77600597,0,0,0,0,0,0,1,0,0,0,0,0,0,0,0,0,0,0,0,2
GSA-rs188656086,2,188294908,0,0,0,0,0,0,0,0,0,0,1,0,0,0,0,0,0,0,0,2
6:10622328-A-T,6,10622095,0,0,0,0,0,0,0,0,0,0,0,0,0,0,0,0,0,0,0,3
rs72728428,1,97376813,2,0,0,0,0,0,0,0,1,0,0,0,0,0,0,0,0,0,0,0
GSA-rs117997966,11,66911644,0,0,0,0,0,0,0,0,0,0,0,0,0,0,0,0,0,0,0,3
rs1876482,2,17181301,0,0,0,0,0,0,0,0,0,0,0,0,0,0,0,0,0,0,0,3
GSA-rs62420176,6,92139235,2,0,0,0,0,0,0,0,1,0,0,0,0,0,0,0,0,0,0,0
GSA-rs117213348,1,72458792,3,0,0,0,0,0,0,0,0,0,0,0,0,0,0,0,0,0,0,0
rs9024,21,36073015,0,0,0,0,0,0,0,0,0,0,0,0,0,0,1,0,0,0,0,2
GSA-rs11009617,10,34001197,3,0,0,0,0,0,0,0,0,0,0,0,0,0,0,0,0,0,0,0
GSA-rs8052275,16,19318781,0,0,0,0,0,0,0,0,1,0,0,0,0,0,0,0,0,0,0,2
GSA-rs76485821,3,176295114,3,0,0,0,0,0,0,0,0,0,0,0,0,0,0,0,0,0,0,0
GSA-rs56200940,5,159738822,3,0,0,0,0,0,0,0,0,0,0,0,0,0,0,0,0,0,0,0
GSA-rs7328755,13,49417813,1,0,0,0,0,0,0,0,0,1,0,0,0,0,0,0,0,0,1,0
rs9267835,6,32212846,0,0,0,0,0,0,0,0,0,0,0,0,0,0,0,0,0,0,0,3
GSA-rs7608119,2,75163195,3,0,0,0,0,0,0,0,0,0,0,0,0,0,0,0,0,0,0,0
GSA-rs76172503,5,59563619,0,0,0,0,0,0,0,0,0,0,0,0,0,0,0,0,0,0,0,3
ilmnseq_rs730880579,11,47335050,0,0,0,0,0,0,0,0,0,0,0,0,0,0,0,0,0,0,0,3
seq-rs794726835,2,165996045,0,0,0,0,0,0,0,0,0,0,0,0,0,0,0,0,0,0,0,3
GSA-rs78211770,8,132811959,3,0,0,0,0,0,0,0,0,0,0,0,0,0,0,0,0,0,0,0
GSA-rs9806571,15,52706645,2,0,0,0,0,0,0,0,0,0,0,1,0,0,0,0,0,0,0,0
rs2306852,12,26936607,3,0,0,0,0,0,0,0,0,0,0,0,0,0,0,0,0,0,0,0
GSA-rs442451,7,110461489,0,0,0,0,0,0,0,0,0,1,0,0,0,0,0,0,0,0,0,2
GSA-rs4611304,13,22025042,3,0,0,0,0,0,0,0,0,0,0,0,0,0,0,0,0,0,0,0
rs3758866,11,60280029,0,0,0,0,0,0,0,0,0,0,0,0,0,0,0,0,0,0,0,3
GSA-rs147309033,10,20163977,3,0,0,0,0,0,0,0,0,0,0,0,0,0,0,0,0,0,0,0
GSA-rs947542,10,98902081,0,0,0,0,0,0,0,0,0,1,0,0,0,0,0,0,0,0,0,2
GSA-rs56303026,1,200726957,0,0,0,0,0,0,0,0,0,0,0,0,0,0,0,0,0,0,0,3
ilmnseq_rs786201886,0,0,3,0,0,0,0,0,0,0,0,0,0,0,0,0,0,0,0,0,0,0
GSA-rs61832166,1,185534047,3,0,0,0,0,0,0,0,0,0,0,0,0,0,0,0,0,0,0,0
GSA-rs3811280,14,22184666,0,0,0,0,0,0,0,0,0,1,0,1,0,0,0,0,0,0,0,1
GSA-rs111317727,12,115751827,0,0,0,0,0,0,0,0,0,0,0,0,0,0,0,0,0,0,0,3
rs7991818,13,50636244,0,0,0,0,0,0,0,0,0,0,0,0,0,0,0,0,0,0,0,3
seq-rs151328414.2,7,24699169,0,0,0,0,0,0,0,0,0,0,0,0,0,0,0,0,0,0,0,3
rs80358717,13,32326257,0,0,0,0,0,0,0,0,0,0,0,0,0,0,0,0,0,0,0,3
GSA-rs76514089,11,44372139,0,0,0,0,0,0,0,0,1,0,0,0,0,0,0,0,0,0,0,2
rs9825983,3,79911074,1,0,0,0,0,0,0,0,0,0,0,0,1,0,0,0,0,0,0,1
GSA-rs1774847,1,203025140,1,0,0,0,0,1,0,0,0,0,0,0,0,0,0,0,0,0,0,1
GSA-rs1509605,11,24555637,2,0,0,0,0,0,0,0,0,1,0,0,0,0,0,0,0,0,0,0
rs1412337,1,168649403,0,0,0,0,0,0,0,0,0,1,0,0,0,0,0,0,1,0,0,1
GSA-rs16981994,22,26382369,0,0,0,0,1,0,0,0,0,0,0,0,0,0,0,0,0,0,0,2
GSA-rs77804406,19,22873733,3,0,0,0,0,0,0,0,0,0,0,0,0,0,0,0,0,0,0,0
GSA-rs75912267,22,43646503,3,0,0,0,0,0,0,0,0,0,0,0,0,0,0,0,0,0,0,0
GSA-rs7308021,12,62465640,0,0,0,0,0,0,0,0,0,0,0,0,0,0,0,0,0,0,0,3
rs1380283,4,130531665,0,0,0,0,0,0,0,0,0,0,0,0,0,0,0,0,0,0,0,3
GSA-rs77783515,3,144080636,0,0,0,0,0,0,0,0,0,0,0,0,0,0,0,0,0,0,0,3
rs7958375,12,111202213,0,0,0,0,0,0,0,0,0,0,0,0,0,0,0,0,0,0,0,3
seq-rs3218634,3,121432965,3,0,0,0,0,0,0,0,0,0,0,0,0,0,0,0,0,0,0,0
10:135339829_CNV_CYP2E1,10,133526325,3,0,0,0,0,0,0,0,0,0,0,0,0,0,0,0,0,0,0,0
GSA-rs13083427,3,173193571,3,0,0,0,0,0,0,0,0,0,0,0,0,0,0,0,0,0,0,0
GSA-rs56223657,14,103193846,0,0,0,0,0,0,0,0,0,0,0,0,0,0,0,0,0,0,0,3
1kg_6_30182289,6,30106533,0,0,0,0,0,0,0,0,0,0,0,0,0,0,0,0,0,0,0,3
GSA-rs1381682,3,193177374,3,0,0,0,0,0,0,0,0,0,0,0,0,0,0,0,0,0,0,0
GSA-rs75500145,3,99530454,3,0,0,0,0,0,0,0,0,0,0,0,0,0,0,0,0,0,0,0
seq-rs114768815.1,15,25679435,0,0,0,0,0,0,0,0,0,0,0,0,0,0,0,0,0,0,0,3
ilmnseq_8:70481100_ilmndup1,8,69568865,0,0,0,0,0,1,0,0,0,0,0,0,0,0,1,0,0,0,0,1
GSA-rs12090964,1,54558178,2,0,0,0,0,0,0,0,0,1,0,0,0,0,0,0,0,0,0,0
GSA-rs77722566,5,156104350,3,0,0,0,0,0,0,0,0,0,0,0,0,0,0,0,0,0,0,0
rs6832850,4,173328442,1,0,0,0,0,0,0,0,0,0,0,0,0,1,0,0,0,0,0,1
GSA-rs12441791,15,61846388,3,0,0,0,0,0,0,0,0,0,0,0,0,0,0,0,0,0,0,0
GSA-rs73330909,10,50316072,0,0,0,0,0,0,0,0,0,0,0,0,0,0,0,0,0,0,0,3
rs139814895,15,89292706,3,0,0,0,0,0,0,0,0,0,0,0,0,0,0,0,0,0,0,0
rs184888200,2,178652550,0,0,0,0,0,0,0,0,0,0,0,0,0,0,0,0,0,0,0,2
BOT-rs11648796,16,742190,1,0,0,0,0,0,0,0,0,2,0,0,0,0,0,0,0,0,0,0
BOT2-rs11648796,16,742190,1,0,0,0,0,0,0,0,1,1,0,0,0,0,0,0,0,0,0,0
GSA-rs283718,8,127294837,3,0,0,0,0,0,0,0,0,0,0,0,0,0,0,0,0,0,0,0
GSA-rs34017564,7,39103807,0,0,0,0,0,0,0,0,1,0,0,0,0,0,0,0,0,0,0,2
ilmnseq_rs1878200_ilmndup1,2,188971952,1,0,0,0,0,0,0,0,0,0,0,1,0,0,0,0,0,0,0,1
rs11654824,17,35186318,0,0,1,0,0,0,0,0,0,0,0,0,0,0,0,0,0,0,0,2
rs2727784,11,116840425,1,0,0,0,0,1,0,1,0,0,0,0,0,0,0,0,0,0,0,0
rs42524,7,94413927,1,0,0,0,0,0,0,0,1,0,0,0,0,1,0,0,0,0,0,0
GSA-rs11630390,15,81048553,1,0,0,0,0,1,0,0,0,1,0,0,0,0,0,0,0,0,0,0
GSA-rs77882664,18,47538455,3,0,0,0,0,0,0,0,0,0,0,0,0,0,0,0,0,0,0,0
GSA-rs10845625,12,12751973,2,0,0,0,0,0,0,0,0,0,0,0,0,1,0,0,0,0,0,0
GSA-rs116289906,2,40051842,0,0,0,0,0,0,0,0,0,0,0,0,0,0,0,0,0,0,0,3
GSA-rs11736218,4,99955491,2,0,0,0,0,0,0,0,0,0,1,0,0,0,0,0,0,0,0,0
GSA-rs462906,5,2355275,0,0,0,0,0,0,0,0,0,0,0,0,0,0,0,1,0,0,0,2
GSA-rs62410715,6,48505620,0,0,0,0,0,0,0,0,0,0,0,0,0,0,0,0,0,0,0,3
GSA-rs76230323,10,106354212,3,0,0,0,0,0,0,0,0,0,0,0,0,0,0,0,0,0,0,0
GSA-rs76230579,9,24051361,3,0,0,0,0,0,0,0,0,0,0,0,0,0,0,0,0,0,0,0
GSA-rs7904569,10,15568565,2,0,0,0,0,0,0,0,0,1,0,0,0,0,0,0,0,0,0,0
ilmnseq_rs2043664_ilmndup1,9,104931964,0,0,0,0,0,0,0,0,0,0,0,0,0,0,0,0,0,0,0,3
rs1475531,20,14886776,1,0,0,0,0,0,0,1,0,0,0,1,0,0,0,0,0,0,0,0
GSA-rs4301653,1,102207943,2,0,0,0,0,0,0,0,0,0,0,0,0,1,0,0,0,0,0,0
ilmnseq_rs2287622.2_F2BT_ilmndup1,2,168973818,0,0,0,0,0,0,0,0,0,2,0,1,0,0,0,0,0,0,0,0
GSA-rs62265569,3,129795127,0,0,0,0,0,0,0,0,1,0,0,0,0,0,0,0,0,0,0,2
GSA-rs80116306,12,43877228,3,0,0,0,0,0,0,0,0,0,0,0,0,0,0,0,0,0,0,0
GSA-rs115691240,2,187107574,3,0,0,0,0,0,0,0,0,0,0,0,0,0,0,0,0,0,0,0
ilmnseq_1:171223951_ilmndup1,1,171254812,1,0,0,0,0,0,0,0,0,0,1,0,0,0,0,0,0,0,0,1
GSA-rs11572293,1,59904089,2,0,0,0,0,0,0,0,0,0,1,0,0,0,0,0,0,0,0,0
ilmnseq_rs746084369,18,51058455,3,0,0,0,0,0,0,0,0,0,0,0,0,0,0,0,0,0,0,0
GSA-rs116277684,2,167050081,0,0,0,0,0,0,0,0,0,0,0,0,0,0,0,0,0,0,0,3
rs35665264,11,126015388,0,0,0,0,0,0,0,0,0,0,0,0,0,0,0,0,0,0,0,3
rs7640269,3,71426421,3,0,0,0,0,0,0,0,0,0,0,0,0,0,0,0,0,0,0,0
ilmnseq_18:24618738,18,27038774,0,0,0,0,0,0,0,0,0,0,0,0,0,0,0,0,0,0,0,3
rs2196051,8,121112062,1,0,0,0,1,0,0,0,0,0,0,1,0,0,0,0,0,0,0,0
rs201173033,3,105540085,2,1,0,0,0,0,0,0,0,0,0,0,0,0,0,0,0,0,0,0
GSA-rs80228903,1,159083158,3,0,0,0,0,0,0,0,0,0,0,0,0,0,0,0,0,0,0,0
GSA-rs112594518,2,182672508,2,0,0,0,0,0,0,0,0,0,0,1,0,0,0,0,0,0,0,0
rs143295869,5,162093963,0,0,0,0,0,0,0,0,0,0,0,0,0,0,0,0,0,0,0,3
GSA-rs10906364,10,13376971,1,0,0,0,0,0,0,0,0,1,0,0,0,0,0,0,0,0,0,1
GSA-rs9583414,13,109662228,3,0,0,0,0,0,0,0,0,0,0,0,0,0,0,0,0,0,0,0
JHU_6.10534810,6,10534578,0,0,0,0,0,0,0,0,0,0,0,0,0,0,1,1,0,0,0,1
GSA-rs115683773,4,174204278,0,0,0,0,0,0,0,0,0,0,0,0,0,0,0,0,0,0,0,3
GSA-rs11669433,19,31362258,3,0,0,0,0,0,0,0,0,0,0,0,0,0,0,0,0,0,0,0
GSA-rs117980569,10,55130417,0,0,0,0,0,0,0,0,0,0,0,0,0,0,0,0,0,0,0,3
GSA-rs12642442,4,172763722,1,0,0,0,0,1,0,0,0,0,0,0,0,0,0,0,0,0,0,0
GSA-rs142242477,15,24678973,0,0,0,0,0,0,0,0,0,0,0,0,0,0,0,0,0,0,0,3
GSA-rs17467356,19,12239088,0,0,0,0,0,0,0,0,0,0,0,0,0,0,0,0,0,0,0,3
GSA-rs17474362,4,52197055,2,0,0,0,0,0,0,0,0,0,0,0,0,0,0,0,0,0,0,0
GSA-rs35774237,12,102889721,3,0,0,0,0,0,0,0,0,0,0,0,0,0,0,0,0,0,0,0
GSA-rs55637784,3,96059679,0,0,0,0,0,0,0,0,0,0,0,0,0,0,0,0,0,0,0,3
GSA-rs56348732,12,107294030,0,0,0,0,0,0,0,0,0,0,0,0,0,0,0,0,0,0,0,3
GSA-rs59689682,10,97247440,3,0,0,0,0,0,0,0,0,0,0,0,0,0,0,0,0,0,0,0
GSA-rs7067976,10,60523832,0,0,0,0,0,0,0,0,0,0,0,0,0,0,0,0,0,0,0,3
GSA-rs72638201,11,36073304,0,0,0,0,0,0,0,0,0,0,0,0,0,0,0,0,0,0,0,3
GSA-rs76642311,18,25968715,3,0,0,0,0,0,0,0,0,0,0,0,0,0,0,0,0,0,0,0
GSA-rs76984124,13,65545463,3,0,0,0,0,0,0,0,0,0,0,0,0,0,0,0,0,0,0,0
GSA-rs77608416,20,12989786,3,0,0,0,0,0,0,0,0,0,0,0,0,0,0,0,0,0,0,0
GSA-rs78101975,21,14558142,3,0,0,0,0,0,0,0,0,0,0,0,0,0,0,0,0,0,0,0
GSA-rs7826540,8,3760595,3,0,0,0,0,0,0,0,0,0,0,0,0,0,0,0,0,0,0,0
GSA-rs79373207,13,34299901,0,0,0,0,0,0,0,0,0,0,0,0,0,0,0,0,0,0,0,3
GSA-rs79548780,4,121311170,3,0,0,0,0,0,0,0,0,0,0,0,0,0,0,0,0,0,0,0
GSA-rs79611420,8,96530086,3,0,0,0,0,0,0,0,0,0,0,0,0,0,0,0,0,0,0,0
GSA-rs9848567,3,108908441,3,0,0,0,0,0,0,0,0,0,0,0,0,0,0,0,0,0,0,0
rs1029595,7,20775732,0,0,0,0,0,0,0,1,0,0,0,0,0,0,0,0,0,0,0,2
GSA-rs11063521,12,5130361,0,0,0,0,0,0,0,0,0,0,0,0,0,0,0,0,0,0,0,3
GSA-rs11174185,12,61814095,3,0,0,0,0,0,0,0,0,0,0,0,0,0,0,0,0,0,0,0
GSA-rs114615642,4,159168663,0,0,0,0,0,0,0,0,0,0,0,0,0,0,0,0,0,0,0,3
GSA-rs117470660,12,126912440,3,0,0,0,0,0,0,0,0,0,0,0,0,0,0,0,0,0,0,0
GSA-rs117610694,11,73070209,0,0,0,0,0,0,0,0,0,0,0,0,0,0,0,0,0,0,0,3
GSA-rs143929542,2,43509991,0,0,0,0,0,0,0,0,0,0,0,0,0,0,0,0,0,0,0,3
GSA-rs148469760,5,82913673,3,0,0,0,0,0,0,0,0,0,0,0,0,0,0,0,0,0,0,0
GSA-rs17106706,10,91512695,3,0,0,0,0,0,0,0,0,0,0,0,0,0,0,0,0,0,0,0
GSA-rs17825440,14,77694788,0,0,0,0,0,0,0,0,0,0,0,0,0,0,0,0,0,0,0,3
GSA-rs2929975,8,133234475,1,0,0,0,0,0,1,0,0,0,0,0,0,0,0,0,0,0,0,1
GSA-rs56271447,2,175629343,3,0,0,0,0,0,0,0,0,0,0,0,0,0,0,0,0,0,0,0
GSA-rs71308179,3,178330474,3,0,0,0,0,0,0,0,0,0,0,0,0,0,0,0,0,0,0,0
GSA-rs74563609,6,24699032,2,0,0,0,0,0,0,0,0,0,0,0,0,0,1,0,0,0,0,0
GSA-rs74712999,7,96391635,3,0,0,0,0,0,0,0,0,0,0,0,0,0,0,0,0,0,0,0
GSA-rs7794205,7,26263783,0,0,0,0,0,0,0,0,0,0,0,0,0,0,0,0,0,0,0,3
GSA-rs9565391,13,35585022,2,0,0,0,1,0,0,0,0,0,0,0,0,0,0,0,0,0,0,0
rs35338671,2,197126017,3,0,0,0,0,0,0,0,0,0,0,0,0,0,0,0,0,0,0,0
seq-rs114768815,15,25679435,3,0,0,0,0,0,0,0,0,0,0,0,0,0,0,0,0,0,0,0
GSA-rs1851002,15,54535310,0,0,0,0,0,0,0,0,0,0,0,0,0,0,0,0,0,0,0,3
GSA-rs10881243,1,105078486,0,0,0,0,0,0,0,0,0,0,0,0,0,0,0,0,0,0,0,3
GSA-rs7172808,15,73371291,1,0,0,0,0,1,0,0,0,1,0,0,0,0,0,0,0,0,0,0
GSA-rs17095480,14,58976476,3,0,0,0,0,0,0,0,0,0,0,0,0,0,0,0,0,0,0,0
GSA-rs76833181,9,31027393,0,0,0,0,0,0,0,0,0,1,0,0,0,0,0,0,0,0,0,1
GSA-rs118107189,16,59294587,0,0,0,0,0,0,0,0,0,0,0,0,0,0,0,0,0,0,0,3
GSA-rs113307784,8,106075316,2,0,0,0,0,0,0,0,0,0,0,0,0,0,0,0,0,0,1,0
GSA-rs76510936,3,74366468,3,0,0,0,0,0,0,0,0,0,0,0,0,0,0,0,0,0,0,0
GSA-rs116379596,1,84859531,0,0,0,0,0,0,0,0,0,0,0,0,0,0,0,0,0,0,0,3
rs141450215,7,100419158,3,0,0,0,0,0,0,0,0,0,0,0,0,0,0,0,0,0,0,0
ilmnseq_rs6878291_ilmndup1,5,39030605,0,0,0,0,1,0,0,0,1,0,0,0,0,0,0,1,0,0,0,0
GSA-rs75118041,13,99202187,3,0,0,0,0,0,0,0,0,0,0,0,0,0,0,0,0,0,0,0
rs7114955,11,29064498,0,0,0,0,0,0,0,0,0,0,0,0,0,0,0,0,0,0,0,3
GSA-rs17764966,12,82136031,3,0,0,0,0,0,0,0,0,0,0,0,0,0,0,0,0,0,0,0
GSA-rs17542636,11,92757557,3,0,0,0,0,0,0,0,0,0,0,0,0,0,0,0,0,0,0,0
GSA-rs74785350,10,108885553,0,0,0,0,0,0,0,0,0,0,0,0,0,0,0,0,0,0,0,3
GSA-rs45477497,6,57103510,0,0,0,0,0,0,0,0,0,0,0,0,0,0,0,0,0,0,0,3
rs17203403,2,207399266,3,0,0,0,0,0,0,0,0,0,0,0,0,0,0,0,0,0,0,0
rs6735656,2,201259779,1,0,0,0,1,1,0,0,0,0,0,0,0,0,0,0,0,0,0,0
rs116660078,1,63429123,3,0,0,0,0,0,0,0,0,0,0,0,0,0,0,0,0,0,0,0
GSA-rs115554476,5,4129081,0,0,0,0,0,0,0,0,0,0,0,0,0,0,0,0,0,0,0,3
seq-rs61744153.2,2,21005391,0,0,0,0,0,0,0,0,0,0,0,0,0,0,0,0,0,0,0,3
rs17539351,2,168910050,0,0,0,0,0,0,0,0,0,1,0,0,0,0,0,0,0,0,0,2
rs8037429,15,53324712,1,0,0,0,0,0,0,0,1,0,0,0,1,0,0,0,0,0,0,0
GSA-rs74968020,2,16383121,2,0,0,0,0,0,0,0,0,1,0,0,0,0,0,0,0,0,0,0
ilmnseq_rs2287622.2_F2BT,2,168973818,0,0,0,0,0,0,0,0,0,1,1,1,0,0,0,0,0,0,0,0
GSA-rs73310647,5,147071564,0,0,0,0,0,0,0,0,0,0,0,0,0,0,0,0,0,0,0,3
GSA-rs6991779,8,88874402,3,0,0,0,0,0,0,0,0,0,0,0,0,0,0,0,0,0,0,0
GSA-rs113875416,12,95973615,0,0,0,0,0,0,0,0,0,0,0,0,0,0,0,0,0,0,0,3
rs13162653,5,16187419,0,0,0,0,0,0,0,0,0,0,0,0,0,0,0,0,0,0,0,3
GSA-rs76131133,12,129026186,0,0,0,0,0,0,0,0,0,0,0,1,0,0,0,0,0,0,0,2
GSA-rs77235057,7,118255727,3,0,0,0,0,0,0,0,0,0,0,0,0,0,0,0,0,0,0,0
GSA-rs111441197,13,25603074,2,0,0,0,0,0,0,0,0,0,0,0,0,0,0,0,0,0,0,1
GSA-rs4403838,12,58045245,1,0,0,0,0,0,1,0,0,1,0,0,0,0,0,0,0,0,0,0
GSA-rs117445459,10,71482645,3,0,0,0,0,0,0,0,0,0,0,0,0,0,0,0,0,0,0,0
GSA-rs2991452,13,85307489,3,0,0,0,0,0,0,0,0,0,0,0,0,0,0,0,0,0,0,0
GSA-rs169266,1,168854873,0,0,0,1,0,0,0,0,0,0,0,0,0,0,0,0,0,0,0,2
ilmnseq_rs587779602,2,188992885,3,0,0,0,0,0,0,0,0,0,0,0,0,0,0,0,0,0,0,0
GSA-rs118109891,9,102585244,3,0,0,0,0,0,0,0,0,0,0,0,0,0,0,0,0,0,0,0
GSA-rs74484193,18,70889590,0,0,0,0,0,0,0,0,0,0,0,0,0,0,0,0,0,0,0,3
GSA-rs77564430,6,145268128,3,0,0,0,0,0,0,0,0,0,0,0,0,0,0,0,0,0,0,0
GSA-rs17014147,4,88468323,3,0,0,0,0,0,0,0,0,0,0,0,0,0,0,0,0,0,0,0
GSA-rs117327120,15,89632103,0,0,0,0,0,0,0,0,0,0,0,0,0,0,0,0,0,0,0,3
rs4649981,1,73186666,0,0,0,0,0,0,0,0,0,2,0,0,0,1,0,0,0,0,0,0
rs3093986,6,31525644,0,0,0,0,0,0,0,0,0,0,0,0,0,0,0,0,0,0,0,3
GSA-rs11159623,14,83961509,0,0,0,0,0,0,0,0,0,0,0,0,0,0,0,0,0,0,0,3
GSA-rs6914238,6,78138380,2,0,0,0,0,0,0,0,0,1,0,0,0,0,0,0,0,0,0,0
GSA-rs12094617,1,226671975,0,0,0,0,0,0,0,0,0,0,0,0,0,0,0,0,0,0,0,3
GSA-rs10821825,10,50790254,1,0,0,0,0,0,0,0,0,1,0,0,1,0,0,0,0,0,0,0
GSA-rs77042157,2,141421924,0,0,0,0,0,0,0,0,0,0,0,0,0,0,0,0,0,0,0,3
GSA-rs11812317,10,23765917,0,0,0,0,0,0,0,0,0,0,0,0,0,0,0,0,0,0,0,3
seq-rs146697994,2,39315343,0,0,0,0,0,0,0,0,0,0,0,0,0,0,0,0,0,0,0,3
GSA-rs151284404,3,179136699,3,0,0,0,0,0,0,0,0,0,0,0,0,0,0,0,0,0,0,0
GSA-rs113151027,1,204404935,3,0,0,0,0,0,0,0,0,0,0,0,0,0,0,0,0,0,0,0
rs115906516,20,45940571,3,0,0,0,0,0,0,0,0,0,0,0,0,0,0,0,0,0,0,0
GSA-rs1537999,13,74118784,2,0,0,0,1,0,0,0,0,0,0,0,0,0,0,0,0,0,0,0
GSA-rs116090587,1,86861285,0,0,0,0,0,0,0,0,0,0,0,0,0,0,0,0,0,0,0,3
GSA-rs33983675,17,27833250,3,0,0,0,0,0,0,0,0,0,0,0,0,0,0,0,0,0,0,0
rs6587640,1,151982754,0,0,0,0,0,0,0,0,0,1,0,0,0,0,0,0,1,0,0,1
chr9-139839893,9,136945441,3,0,0,0,0,0,0,0,0,0,0,0,0,0,0,0,0,0,0,0
GSA-rs17542885,12,102744624,0,0,0,0,0,0,0,0,0,0,0,1,0,0,0,0,0,0,0,2
exm2270530,6,146331218,3,0,0,0,0,0,0,0,0,0,0,0,0,0,0,0,0,0,0,0
GSA-rs11110408,12,100520934,3,0,0,0,0,0,0,0,0,0,0,0,0,0,0,0,0,0,0,0
GSA-rs11558719,10,72213199,0,0,0,0,0,0,0,0,0,0,0,0,0,0,0,0,0,0,0,3
GSA-rs115805211,3,117794594,0,0,0,0,0,0,0,0,0,0,0,0,0,0,0,0,0,0,0,3
GSA-rs116403627,2,68886261,3,0,0,0,0,0,0,0,0,0,0,0,0,0,0,0,0,0,0,0
GSA-rs117183987,19,36376746,0,0,0,0,0,0,0,0,0,0,0,0,0,0,0,0,0,0,0,3
GSA-rs16883838,6,90973392,0,0,0,0,0,0,0,0,0,0,0,0,0,0,0,0,0,0,0,3
GSA-rs16972879,13,108645270,0,0,0,0,0,0,0,0,0,0,0,0,0,0,0,0,0,0,0,3
GSA-rs458093,20,15607469,0,0,0,0,0,0,0,0,0,0,0,0,0,0,0,0,0,0,0,3
GSA-rs4747947,10,11822275,3,0,0,0,0,0,0,0,0,0,0,0,0,0,0,0,0,0,0,0
GSA-rs57284288,4,45199354,3,0,0,0,0,0,0,0,0,0,0,0,0,0,0,0,0,0,0,0
GSA-rs62017685,16,6885436,2,0,0,0,0,0,0,0,0,0,1,0,0,0,0,0,0,0,0,0
GSA-rs72642329,13,95010483,0,0,0,0,0,0,0,0,0,0,0,0,0,0,0,0,0,0,0,3
GSA-rs72918856,2,175683840,0,0,0,0,0,0,0,0,0,0,0,0,0,1,0,0,0,0,0,2
GSA-rs73206837,8,16251867,3,0,0,0,0,0,0,0,0,0,0,0,0,0,0,0,0,0,0,0
GSA-rs78038789,5,110076523,0,0,0,0,0,0,0,0,0,0,0,0,0,0,0,0,0,0,0,3
GSA-rs78395048,18,52845993,0,0,0,0,0,0,0,0,0,0,0,0,0,0,0,0,0,0,0,3
GSA-rs78640649,13,81304230,2,0,0,0,0,0,0,0,0,0,0,0,0,0,1,0,0,0,0,0
GSA-rs78847106,1,121569869,0,0,0,0,0,0,0,0,0,0,0,0,0,0,0,0,0,0,0,3
GSA-rs78997808,9,113571320,0,0,0,0,0,0,0,0,0,0,0,0,0,0,0,0,0,0,0,3
GSA-rs79633412,3,107090518,0,0,0,0,0,0,0,0,0,0,0,0,0,0,0,0,0,0,0,3
rs1353295,4,74463405,1,0,0,0,0,0,0,1,0,1,0,0,0,0,0,0,0,0,0,0
GSA-rs72687772,4,181917506,0,0,0,0,0,0,0,0,0,0,0,0,0,0,0,0,0,0,0,3
4:89126807-C-G,4,88205655,0,0,0,0,0,0,0,0,0,0,0,0,0,0,0,0,0,0,0,3
GSA-rs116640572,3,153415122,2,0,0,0,0,0,0,0,0,0,0,1,0,0,0,0,0,0,0,0
GSA-rs117344780,17,66122641,3,0,0,0,0,0,0,0,0,0,0,0,0,0,0,0,0,0,0,0
GSA-rs118055218,6,170515072,3,0,0,0,0,0,0,0,0,0,0,0,0,0,0,0,0,0,0,0
GSA-rs11855262,15,74430977,3,0,0,0,0,0,0,0,0,0,0,0,0,0,0,0,0,0,0,0
GSA-rs12739350,1,72701315,2,0,0,0,0,0,0,0,0,1,0,0,0,0,0,0,0,0,0,0
GSA-rs2290741,4,37847383,0,0,0,0,0,0,0,0,0,0,0,0,0,0,0,0,0,0,0,3
GSA-rs6083827,20,25389176,2,0,0,0,0,0,0,0,0,1,0,0,0,0,0,0,0,0,0,0
GSA-rs74547566,5,163769020,0,0,0,0,0,0,0,0,0,0,0,0,0,0,0,0,0,0,0,3
GSA-rs74665800,8,124102791,0,0,0,0,0,0,0,0,0,0,0,0,0,0,0,0,0,0,0,3
GSA-rs77337846,15,47863219,3,0,0,0,0,0,0,0,0,0,0,0,0,0,0,0,0,0,0,0
GSA-rs78391783,3,149620981,3,0,0,0,0,0,0,0,0,0,0,0,0,0,0,0,0,0,0,0
GSA-rs78457313,16,47941863,3,0,0,0,0,0,0,0,0,0,0,0,0,0,0,0,0,0,0,0
GSA-rs7947411,11,79716618,0,0,0,0,0,0,0,0,0,0,0,0,0,0,0,0,0,0,0,3
ilmnseq_rs7792118_ilmndup1,7,7978850,3,0,0,0,0,0,0,0,0,0,0,0,0,0,0,0,0,0,0,0
GSA-rs55953520,2,142769247,3,0,0,0,0,0,0,0,0,0,0,0,0,0,0,0,0,0,0,0
GSA-rs77350958,6,165514049,1,0,0,0,0,0,0,0,0,0,2,0,0,0,0,0,0,0,0,0
GSA-rs9594865,13,43024276,0,0,0,0,0,1,0,0,1,0,0,0,0,0,0,0,0,0,0,1
rs2596536,6,31480071,2,0,0,0,0,0,0,0,0,0,0,0,0,0,0,0,0,0,0,1
GSA-rs72675600,1,56212460,0,0,0,0,0,0,0,0,0,0,0,0,0,0,0,0,0,0,0,3
rs61757218,6,38938181,0,0,0,0,0,0,0,0,0,0,0,0,0,0,0,0,0,0,0,3
GSA-rs9828728,3,174849954,2,0,0,0,0,0,0,1,0,0,0,0,0,0,0,0,0,0,0,0
GSA-rs1517773,2,76824095,0,0,0,0,0,0,0,0,0,0,1,0,0,0,0,0,0,0,0,2
GSA-rs7804690,7,96212691,2,0,0,0,0,0,0,1,0,0,0,0,0,0,0,0,0,0,0,0
rs6531216,2,20174525,1,0,0,0,0,0,0,0,0,1,0,1,0,0,0,0,0,0,0,0
rs2828061,21,23323083,0,0,0,0,1,0,0,0,0,0,0,2,0,0,0,0,0,0,0,0
GSA-rs72772174,5,86098022,2,0,0,0,0,0,0,0,0,0,0,1,0,0,0,0,0,0,0,0
GSA-rs118030510,7,111854957,3,0,0,0,0,0,0,0,0,0,0,0,0,0,0,0,0,0,0,0
GSA-rs117701887,15,31251525,0,0,0,0,0,0,0,0,0,0,0,0,0,0,0,0,0,0,0,3
GSA-rs116383510,5,2545536,3,0,0,0,0,0,0,0,0,0,0,0,0,0,0,0,0,0,0,0
rs17513503,5,110810746,3,0,0,0,0,0,0,0,0,0,0,0,0,0,0,0,0,0,0,0
rs404477,3,41061754,1,0,0,0,0,1,0,0,0,0,0,1,0,0,0,0,0,0,0,0
GSA-rs78602068,10,118115202,0,0,0,0,0,0,0,0,0,0,0,0,0,0,0,0,0,0,0,3
GSA-rs117175601,18,55302470,3,0,0,0,0,0,0,0,0,0,0,0,0,0,0,0,0,0,0,0
GSA-rs112816674,14,33177071,3,0,0,0,0,0,0,0,0,0,0,0,0,0,0,0,0,0,0,0
GSA-rs10910157,1,233404535,0,0,0,1,0,1,0,0,0,1,0,0,0,0,0,0,0,0,0,0
GSA-rs76378494,11,42845788,0,0,0,0,0,0,0,0,0,0,0,0,0,0,0,0,0,0,0,3
rs10414321,19,28925979,0,0,0,0,0,0,0,0,0,0,0,0,0,0,0,0,0,0,0,3
GSA-rs9526777,13,51523823,0,1,0,0,0,0,1,0,0,0,0,0,0,0,0,0,0,0,0,1
rs17085526,6,154555370,1,0,0,0,0,0,0,1,1,0,0,0,0,0,0,0,0,0,0,0
rs11209718,1,41223266,0,0,0,0,0,0,0,0,0,2,0,0,0,0,0,0,0,0,0,1
rs12212415,6,149740823,1,0,0,0,0,0,0,0,0,0,0,0,0,0,0,0,0,0,0,2
rs1509657,4,48210994,1,0,0,0,0,0,0,0,0,1,0,0,0,0,0,0,0,0,0,1
rs35479711,14,71942050,0,0,0,0,0,0,0,0,0,0,0,0,0,0,0,0,0,0,0,3
GSA-rs4145247,12,75965635,3,0,0,0,0,0,0,0,0,0,0,0,0,0,0,0,0,0,0,0
GSA-rs744436,6,82878510,0,0,0,0,0,0,0,0,0,0,0,0,0,0,0,0,0,0,0,3
rs629444,6,25885586,0,0,0,0,0,0,0,0,0,1,0,0,0,0,0,0,0,0,0,2
rs2413045,22,31269876,0,0,0,0,1,0,0,0,1,0,0,0,0,0,0,0,0,0,0,1
rs9963612,18,60097229,1,0,0,0,0,0,0,0,0,0,0,0,0,1,0,0,0,0,0,1
ilmnseq_3:133703660_ilmndup1,3,133984816,0,0,0,0,0,0,1,2,0,0,0,0,0,0,0,0,0,0,0,0
GSA-rs74826723,6,116532821,3,0,0,0,0,0,0,0,0,0,0,0,0,0,0,0,0,0,0,0
GSA-rs76219649,1,180682916,2,0,0,0,0,1,0,0,0,0,0,0,0,0,0,0,0,0,0,0
rs669759,2,134533564,0,0,0,0,0,0,0,0,1,1,0,0,0,0,0,0,0,0,0,1
ilmnseq_rs587782161,13,32339933,3,0,0,0,0,0,0,0,0,0,0,0,0,0,0,0,0,0,0,0
GSA-rs11196917,10,114797321,0,0,0,0,0,0,0,0,0,0,0,0,0,0,0,0,0,0,0,3
seq-rs147147532.1,11,119187958,0,0,0,0,0,0,0,0,0,0,0,0,0,0,0,0,0,0,0,3
rs1403694,3,186722209,0,0,0,0,0,0,0,1,0,0,0,0,2,0,0,0,0,0,0,0
GSA-rs114246171,3,5128362,3,0,0,0,0,0,0,0,0,0,0,0,0,0,0,0,0,0,0,0
GSA-rs114901153,5,163858808,0,0,0,0,0,0,0,0,0,0,0,0,0,0,0,0,0,0,0,3
GSA-rs17124559,12,50242135,3,0,0,0,0,0,0,0,0,0,0,0,0,0,0,0,0,0,0,0
GSA-rs35531014,22,41136021,3,0,0,0,0,0,0,0,0,0,0,0,0,0,0,0,0,0,0,0
GSA-rs61304639,15,33401223,0,0,0,0,0,0,0,0,0,0,0,0,0,0,0,0,0,0,0,3
rs5750715,22,38947911,0,0,0,0,0,0,0,0,0,0,0,0,0,0,1,0,0,1,0,1
rs17647543,1,109421983,2,0,0,0,0,0,0,0,1,0,0,0,0,0,0,0,0,0,0,0
GSA-rs6713851,2,200435805,3,0,0,0,0,0,0,0,0,0,0,0,0,0,0,0,0,0,0,0
GSA-rs55679738,14,61228649,0,0,0,0,0,0,0,0,0,0,0,0,0,0,0,0,0,0,0,3
GSA-rs4940942,18,60465656,0,0,0,0,0,0,0,0,0,0,0,0,0,0,0,0,0,0,0,3
GSA-rs7959730,12,97102149,1,0,0,0,0,0,0,0,1,0,0,0,0,0,0,0,0,0,0,1
rs34517439,1,77984833,0,0,0,0,0,0,0,0,0,0,0,0,0,0,0,0,0,0,0,3
rs375064902,13,32340210,0,0,0,0,0,0,0,0,0,0,0,0,0,0,0,0,0,0,0,3
GSA-rs7913179,10,97705109,0,0,0,0,0,0,0,0,0,0,0,0,0,0,0,0,0,0,0,3
rs2449529,8,97773295,0,0,0,0,0,0,0,1,0,0,0,0,0,0,1,0,0,0,1,0
GSA-13:72116886,13,71542754,3,0,0,0,0,0,0,0,0,0,0,0,0,0,0,0,0,0,0,0
GSA-rs7960599,12,3546953,3,0,0,0,0,0,0,0,0,0,0,0,0,0,0,0,0,0,0,0
rs16833177,2,191022906,2,0,0,0,0,0,0,0,0,0,0,0,1,0,0,0,0,0,0,0
GSA-rs17074954,8,5821747,2,0,0,0,0,0,1,0,0,0,0,0,0,0,0,0,0,0,0,0
GSA-rs17068251,6,107506549,3,0,0,0,0,0,0,0,0,0,0,0,0,0,0,0,0,0,0,0
GSA-rs2488675,10,29612541,0,0,0,0,0,0,0,0,1,0,0,0,0,0,0,0,0,0,0,2
GSA-rs17026167,1,216139548,0,0,0,0,0,0,0,1,0,0,0,0,0,0,0,0,0,0,0,2
GSA-rs1377390,2,206890643,3,0,0,0,0,0,0,0,0,0,0,0,0,0,0,0,0,0,0,0
rs997277,2,188886137,1,0,0,0,0,0,0,0,1,0,0,1,0,0,0,0,0,0,0,0
GSA-rs111606120,8,107730999,3,0,0,0,0,0,0,0,0,0,0,0,0,0,0,0,0,0,0,0
GSA-rs34169461,20,6716515,0,0,0,0,0,0,0,0,0,1,0,1,0,1,0,0,0,0,0,0
rs3095340,6,30759162,2,0,0,0,0,0,0,0,0,0,1,0,0,0,0,0,0,0,0,0
GSA-rs6553727,4,173765307,2,0,0,0,0,0,0,1,0,0,0,0,0,0,0,0,0,0,0,0
GSA-rs11599580,10,125029145,0,0,0,0,0,0,0,0,0,0,0,0,0,0,0,0,0,0,0,3
GSA-rs4728401,7,136556437,2,0,0,0,0,0,1,0,0,0,0,0,0,0,0,0,0,0,0,0
GSA-rs11933864,4,134884775,3,0,0,0,0,0,0,0,0,0,0,0,0,0,0,0,0,0,0,0
rs702553,5,60440946,1,0,0,0,0,0,0,0,1,0,0,0,0,0,0,0,0,0,0,1
rs13376700,1,51011971,1,0,0,0,0,0,0,0,0,1,0,1,0,0,0,0,0,0,0,0
GSA-rs7907021,10,66288438,3,0,0,0,0,0,0,0,0,0,0,0,0,0,0,0,0,0,0,0
rs85024,20,46593712,0,0,0,0,1,0,0,0,0,0,0,0,0,0,0,0,0,0,0,2
DUP-BRCA2-chr13-32911683,13,32337546,0,0,0,0,0,0,0,0,0,0,0,0,0,0,0,0,0,0,0,3
CHEK2-chr22-29105993,22,28710005,3,0,0,0,0,0,0,0,0,0,0,0,0,0,0,0,0,0,0,0
ilmnseq_3:133703660,3,133984816,0,0,0,0,0,0,1,2,0,0,0,0,0,0,0,0,0,0,0,0
GSA-rs114671823,6,44415185,0,0,0,0,0,0,0,0,0,0,0,0,0,0,0,0,0,0,0,3
GSA-rs117784827,15,26965993,3,0,0,0,0,0,0,0,0,0,0,0,0,0,0,0,0,0,0,0
GSA-rs72744256,5,38681879,0,0,0,0,0,0,0,0,0,0,0,0,0,0,0,0,0,0,0,3
GSA-rs17081351,4,32416122,0,0,0,0,0,0,0,0,0,0,0,0,0,0,0,0,0,0,0,3
GSA-rs76384050,12,60257937,3,0,0,0,0,0,0,0,0,0,0,0,0,0,0,0,0,0,0,0
GSA-rs75046013,16,75372570,3,0,0,0,0,0,0,0,0,0,0,0,0,0,0,0,0,0,0,0
GSA-rs115066694,3,154975257,0,0,0,0,0,0,0,0,0,0,0,0,0,0,0,0,0,0,0,3
GSA-rs117708332,12,46567761,3,0,0,0,0,0,0,0,0,0,0,0,0,0,0,0,0,0,0,0
GSA-rs35824436,14,39603168,3,0,0,0,0,0,0,0,0,0,0,0,0,0,0,0,0,0,0,0
GSA-rs7838601,8,84722617,1,0,0,0,0,0,0,0,0,0,0,0,1,0,0,0,0,0,0,1
GSA-rs302312,12,29818483,1,0,0,0,0,0,0,1,0,1,0,0,0,0,0,0,0,0,0,0
GSA-rs117517116,1,187079342,3,0,0,0,0,0,0,0,0,0,0,0,0,0,0,0,0,0,0,0
chr6-82900893,6,82191176,0,0,0,0,0,0,0,0,0,0,0,0,0,0,0,0,0,0,0,3
GSA-rs116570056,6,12548051,0,0,0,0,0,0,0,0,0,0,0,0,0,0,0,0,0,0,0,3
ilmnseq_15:58286500_ilmndup1,15,57994302,3,0,0,0,0,0,0,0,0,0,0,0,0,0,0,0,0,0,0,0
rs3219090,1,226376990,1,0,0,0,0,0,0,0,0,0,0,0,0,1,0,0,0,0,0,1
exm2264209,6,116199185,1,0,0,0,0,0,0,0,0,1,0,0,0,0,0,0,0,0,0,1
exm2262533,8,77949360,0,0,0,0,0,0,0,0,0,0,0,0,0,0,0,0,0,0,0,3
GSA-rs72935739,6,107061805,3,0,0,0,0,0,0,0,0,0,0,0,0,0,0,0,0,0,0,0
rs12473708,2,212050915,0,0,0,0,0,0,0,0,0,0,0,0,0,0,0,0,0,0,0,3
exm2271645,11,113178565,0,0,0,0,0,0,0,0,0,0,0,0,0,0,0,0,0,0,0,3
GSA-rs73587485,6,147634796,0,0,0,0,0,0,0,0,0,0,0,0,0,0,0,0,0,0,0,3
GSA-rs188087283,17,30162722,3,0,0,0,0,0,0,0,0,0,0,0,0,0,0,0,0,0,0,0
GSA-rs203590,14,27322944,0,0,0,0,0,0,0,0,0,0,1,0,0,0,0,0,0,0,0,2
GSA-rs9591243,13,49185491,0,0,0,0,0,0,0,0,0,0,0,0,0,0,0,0,0,0,0,3
GSA-rs114124071,4,14857586,0,0,0,0,0,0,0,0,0,0,0,0,0,0,0,0,0,0,0,3
rs663599,13,20984315,1,0,0,0,0,0,0,0,0,0,0,0,0,0,0,0,0,0,0,2
GSA-rs11898833,2,174014350,2,0,0,0,0,0,0,0,0,0,1,0,0,0,0,0,0,0,0,0
GSA-rs2813875,1,23624624,0,0,0,0,0,0,0,0,0,1,1,0,1,0,0,0,0,0,0,0
GSA-rs78755044,1,240272921,0,0,0,0,0,0,0,0,0,0,0,0,0,0,0,0,0,0,0,3
GSA-rs7962117,12,97525274,2,0,0,0,0,0,0,0,0,1,0,0,0,0,0,0,0,0,0,0
rs206768,6,32993610,1,0,0,0,0,0,0,0,0,0,0,1,0,0,0,0,0,0,0,1
rs35961416,8,127201316,0,0,0,0,1,0,0,0,0,0,0,1,0,0,0,0,0,0,0,1
rs6597604,9,133174393,2,0,0,0,0,0,0,0,0,0,0,0,0,0,0,0,0,0,0,1
GSA-rs75890569,2,227251675,0,0,0,0,0,0,1,0,0,0,0,0,0,0,0,0,0,0,0,2
GSA-rs2230804,10,100218126,2,0,0,0,0,0,0,0,1,0,0,0,0,0,0,0,0,0,0,0
chr2-84913608,2,84686484,3,0,0,0,0,0,0,0,0,0,0,0,0,0,0,0,0,0,0,0
GSA-rs76223550,10,14544521,0,0,0,0,0,0,0,0,0,0,0,0,0,0,0,0,0,0,0,3
GSA-rs116595122,3,102253662,2,0,0,0,0,0,1,0,0,0,0,0,0,0,0,0,0,0,0,0
GSA-rs55992555,2,13821875,0,0,0,0,0,0,0,0,0,0,0,0,0,0,0,0,0,0,0,3
GSA-rs74401827,5,59402446,0,0,0,0,0,0,0,0,0,0,0,0,0,0,0,0,0,0,0,3
GSA-rs77424358,18,11389173,0,0,0,0,0,0,0,0,0,0,0,0,0,0,0,0,0,0,0,3
GSA-rs80223363,6,162812377,0,0,0,0,0,0,0,1,0,0,0,0,0,0,0,0,0,0,0,2
ilmnseq_4:106736515_ilmndup1,4,105815358,0,0,0,0,0,0,0,0,0,0,0,0,0,0,0,0,0,0,0,3
GSA-rs74982319,11,19770670,0,0,0,0,0,0,0,0,0,0,0,0,0,0,0,0,0,0,0,3
rs7625960,3,121883775,2,0,0,0,0,0,0,0,0,0,1,0,0,0,0,0,0,0,0,0
GSA-rs74974257,1,243343791,3,0,0,0,0,0,0,0,0,0,0,0,0,0,0,0,0,0,0,0
GSA-rs79383641,20,15296426,0,0,0,0,0,0,0,0,0,0,0,1,0,0,0,0,0,0,0,2
GSA-rs72727259,5,9348203,3,0,0,0,0,0,0,0,0,0,0,0,0,0,0,0,0,0,0,0
GSA-rs78897397,9,3272776,3,0,0,0,0,0,0,0,0,0,0,0,0,0,0,0,0,0,0,0
GSA-rs78731672,3,32389474,0,0,0,0,0,0,0,0,0,0,0,0,0,0,0,0,0,0,0,3
ilmnseq_22:46571620_ilmndup1,22,46175723,3,0,0,0,0,0,0,0,0,0,0,0,0,0,0,0,0,0,0,0
GSA-rs10897048,11,60332421,2,0,0,0,0,0,0,0,0,0,0,0,0,0,0,0,0,0,0,1
GSA-rs2678420,11,91611186,0,0,0,0,0,0,0,0,0,0,0,0,0,0,0,0,0,0,0,3
GSA-rs3782141,12,11771253,0,0,0,0,0,0,0,0,0,0,0,0,0,0,0,0,0,0,0,3
GSA-rs2433433,11,86741359,2,0,0,0,0,0,0,0,0,0,0,1,0,0,0,0,0,0,0,0
GSA-rs72908840,1,51071699,0,0,0,0,0,0,0,0,0,0,0,0,0,0,0,0,0,0,0,3
GSA-rs10844844,12,34227415,1,0,0,0,0,0,0,1,0,0,0,0,0,0,0,0,0,0,0,1
GSA-rs62014181,15,63678969,0,0,0,0,0,0,0,0,0,0,0,0,0,0,0,0,0,0,0,3
GSA-rs80204191,10,119265664,3,0,0,0,0,0,0,0,0,0,0,0,0,0,0,0,0,0,0,0
rs148609307,16,69339533,3,0,0,0,0,0,0,0,0,0,0,0,0,0,0,0,0,0,0,0
rs2653884,1,50392415,0,0,0,0,0,0,0,1,0,0,0,0,0,0,0,0,0,0,0,2
rs495366,11,102824377,0,0,0,0,0,0,0,0,0,1,0,0,0,0,0,0,0,0,0,2
rs12498138,3,121740742,0,0,0,0,0,0,0,0,0,0,0,0,0,0,0,0,0,0,0,3
rs9835332,3,56633654,0,0,0,0,0,0,0,0,0,0,0,0,1,0,0,0,0,0,0,2
GSA-rs77477499,1,238736762,0,0,0,0,0,0,0,0,0,0,0,0,0,0,0,0,0,0,0,3
rs79769402,2,15474318,3,0,0,0,0,0,0,0,0,0,0,0,0,0,0,0,0,0,0,0
rs6844379,4,17855178,2,0,0,0,0,0,0,0,0,0,0,0,0,0,0,0,0,0,0,1
GSA-rs74627650,1,56229502,3,0,0,0,0,0,0,0,0,0,0,0,0,0,0,0,0,0,0,0
GSA-rs117851066,19,49058920,0,0,0,0,0,0,0,0,0,0,0,0,0,0,0,0,0,0,0,3
GSA-rs116315854,2,79740905,3,0,0,0,0,0,0,0,0,0,0,0,0,0,0,0,0,0,0,0
GSA-rs7993501,13,93746727,2,0,0,0,0,0,0,0,0,0,0,0,0,0,0,0,0,0,0,1
GSA-rs2609500,1,181301096,0,0,0,0,0,0,0,0,0,0,0,1,0,0,0,0,0,0,0,2
GSA-rs2826580,21,20876184,0,0,0,0,0,0,0,0,0,0,0,0,0,0,0,0,0,0,0,3
10:135339829_CNV_CYP2E1_ilmndup1,10,133526325,3,0,0,0,0,0,0,0,0,0,0,0,0,0,0,0,0,0,0,0
rs7936660,11,63720003,3,0,0,0,0,0,0,0,0,0,0,0,0,0,0,0,0,0,0,0
rs2851447,12,123180566,2,0,0,0,0,0,0,0,1,0,0,0,0,0,0,0,0,0,0,0
rs4793018,17,43703701,0,0,0,0,0,0,0,0,0,0,0,0,0,1,0,0,0,0,1,1
GSA-rs17347121,5,117702960,3,0,0,0,0,0,0,0,0,0,0,0,0,0,0,0,0,0,0,0
GSA-rs3759000,11,118264734,3,0,0,0,0,0,0,0,0,0,0,0,0,0,0,0,0,0,0,0
GSA-rs6677202,1,34283044,0,0,0,0,0,0,0,0,0,0,0,0,1,0,0,0,0,0,0,2
GSA-rs73108304,7,33879166,0,0,0,0,0,0,0,0,0,0,0,0,0,0,0,0,0,0,0,3
GSA-rs766856,7,32118099,0,0,0,0,0,0,0,1,0,0,0,0,0,0,0,0,0,0,0,2
GSA-rs77785118,3,160862406,3,0,0,0,0,0,0,0,0,0,0,0,0,0,0,0,0,0,0,0
rs10832020,11,13299796,3,0,0,0,0,0,0,0,0,0,0,0,0,0,0,0,0,0,0,0
GSA-rs79876945,3,77489320,0,0,0,0,0,0,0,0,0,0,0,0,0,0,0,0,0,0,0,3
GSA-rs11253185,10,5453194,2,0,0,0,0,0,0,1,0,0,0,0,0,0,0,0,0,0,0,0
rs72804398,10,21827846,3,0,0,0,0,0,0,0,0,0,0,0,0,0,0,0,0,0,0,0
GSA-rs117712517,11,39258889,0,0,0,0,0,0,0,0,0,0,0,0,0,0,0,0,0,0,0,3
GSA-rs35673723,13,42887426,0,0,0,0,0,0,0,0,0,0,0,0,0,0,0,0,0,0,0,3
GSA-rs11004894,10,55506819,0,0,0,0,0,0,0,0,0,0,0,0,0,0,0,0,0,0,0,3
rs4766578,12,111466567,1,0,0,0,0,0,0,0,1,0,0,0,0,0,0,0,0,0,0,1
GSA-rs72881517,1,15413505,0,0,0,0,0,0,0,0,0,0,0,0,0,0,0,0,0,0,0,3
ilmnseq_1:98263561,1,97798005,0,0,0,0,0,0,0,0,0,0,0,0,0,0,0,0,0,0,0,3
GSA-rs35246538,9,87991736,3,0,0,0,0,0,0,0,0,0,0,0,0,0,0,0,0,0,0,0
GSA-rs114869401,5,88153338,0,0,0,0,0,0,0,0,0,0,0,0,0,0,0,0,0,0,0,3
GSA-rs79997286,1,45776258,0,0,0,0,0,0,0,0,0,0,0,0,0,0,0,0,0,0,0,3
GSA-rs115030457,3,21567756,3,0,0,0,0,0,0,0,0,0,0,0,0,0,0,0,0,0,0,0
GSA-rs1391187,4,143621946,0,0,0,0,0,0,0,0,0,0,0,1,0,0,0,0,0,0,0,2
rs2505674,6,2355572,0,0,0,0,0,0,0,0,0,0,0,0,0,1,0,0,0,0,0,2
GSA-rs114214638,15,67103283,0,0,0,0,0,0,0,0,0,0,0,0,0,0,0,0,0,0,0,3
GSA-rs117399275,10,66221572,0,0,0,0,0,0,0,0,0,0,0,0,0,0,0,0,0,0,0,3
GSA-rs145587069,13,99802711,3,0,0,0,0,0,0,0,0,0,0,0,0,0,0,0,0,0,0,0
GSA-rs17390316,1,63087637,0,0,0,0,0,0,0,0,0,0,0,0,0,0,0,0,0,0,0,3
GSA-rs17414871,18,9323755,3,0,0,0,0,0,0,0,0,0,0,0,0,0,0,0,0,0,0,0
GSA-rs182255942,15,72090469,0,0,0,0,0,0,0,0,0,0,0,0,0,0,0,0,0,0,0,3
GSA-rs3130602,6,33004430,0,0,0,0,0,0,0,0,0,0,0,0,0,0,0,0,0,0,0,3
GSA-rs3850283,14,36447315,2,0,0,0,0,0,0,0,0,0,0,0,0,0,1,0,0,0,0,0
GSA-rs73088494,7,20404910,0,0,0,0,0,0,0,0,0,0,0,0,0,0,0,0,0,0,0,3
GSA-rs74677647,4,42998246,3,0,0,0,0,0,0,0,0,0,0,0,0,0,0,0,0,0,0,0
GSA-rs76049236,6,155483316,3,0,0,0,0,0,0,0,0,0,0,0,0,0,0,0,0,0,0,0
GSA-rs7896486,10,76813003,0,0,0,0,0,0,0,0,0,0,0,0,0,0,0,0,0,0,0,3
rs55777016,2,124170264,3,0,0,0,0,0,0,0,0,0,0,0,0,0,0,0,0,0,0,0
GSA-rs141320744,10,58602229,3,0,0,0,0,0,0,0,0,0,0,0,0,0,0,0,0,0,0,0
GSA-rs16834337,1,164747912,0,0,0,0,0,0,0,0,0,0,0,0,0,0,0,0,0,0,0,3
ilmnseq_rs1867283_ilmndup1,9,84835851,1,0,0,0,0,0,0,0,0,0,0,0,0,0,0,0,0,0,0,2
rs1842399,6,32785536,0,0,0,0,0,0,0,0,0,0,0,0,0,0,0,0,0,0,0,3
GSA-rs62371184,5,115572950,0,0,0,0,0,0,0,0,0,0,0,0,0,0,0,0,0,0,0,3
GSA-rs150268064,13,55348027,0,0,0,0,0,0,0,0,0,0,0,0,0,0,0,0,0,0,0,3
GSA-rs60164976,18,58522810,0,0,0,0,0,0,0,0,0,0,0,0,0,0,0,0,0,0,0,3
GSA-rs72729097,9,90907431,0,0,0,0,0,0,0,0,0,0,0,0,0,0,0,0,0,0,1,2
GSA-rs72846727,11,1909891,0,0,0,0,0,0,0,0,0,0,0,0,1,0,0,0,0,0,0,2
GSA-rs74682344,8,129750370,3,0,0,0,0,0,0,0,0,0,0,0,0,0,0,0,0,0,0,0
GSA-rs76453161,15,55587514,2,0,0,0,0,0,0,0,1,0,0,0,0,0,0,0,0,0,0,0
rs4325907,3,102030178,1,0,0,0,0,0,0,0,0,0,0,0,0,0,0,0,0,0,0,2
GSA-rs117211036,13,55071379,0,0,0,0,0,0,0,0,0,0,0,0,0,0,0,0,0,0,0,3
rs141735624,6,108074431,3,0,0,0,0,0,0,0,0,0,0,0,0,0,0,0,0,0,0,0
rs961764,6,117200993,1,0,0,0,0,0,0,0,0,0,0,1,0,0,0,0,0,0,0,1
GSA-rs117826205,10,19168458,3,0,0,0,0,0,0,0,0,0,0,0,0,0,0,0,0,0,0,0
GSA-rs35477966,8,101639539,3,0,0,0,0,0,0,0,0,0,0,0,0,0,0,0,0,0,0,0
rs2307561,18,26923543,2,0,0,0,0,0,0,0,0,1,0,0,0,0,0,0,0,0,0,0
rs12291617,11,56318823,0,0,0,0,0,0,0,0,0,0,0,0,0,0,0,0,0,0,0,3
rs9285425,6,117550673,1,0,0,0,0,1,0,0,0,1,0,0,0,0,0,0,0,0,0,0
rs929160,6,29739016,1,0,0,0,0,0,0,0,0,0,0,1,0,0,0,0,0,0,0,1
ilmnseq_rs80359477_ilmndup2,13,32339386,3,0,0,0,0,0,0,0,0,0,0,0,0,0,0,0,0,0,0,0
ilmnseq_22:46571620,22,46175723,3,0,0,0,0,0,0,0,0,0,0,0,0,0,0,0,0,0,0,0
GSA-rs142025687,15,72926607,3,0,0,0,0,0,0,0,0,0,0,0,0,0,0,0,0,0,0,0
GSA-rs73462848,7,145929696,0,0,0,0,0,0,0,0,0,0,0,0,0,0,0,0,0,0,0,3
rs992507,16,73755291,2,0,0,0,0,0,0,0,0,0,0,1,0,0,0,0,0,0,0,0
GSA-rs78074877,13,37992189,3,0,0,0,0,0,0,0,0,0,0,0,0,0,0,0,0,0,0,0
GSA-rs117382617,9,137997366,0,0,0,0,0,0,0,0,0,0,0,0,0,0,0,0,0,0,0,3
rs200986202,13,37579287,0,0,0,0,0,0,0,0,0,0,0,0,0,0,0,0,0,0,0,3
GSA-rs75837024,2,48536194,3,0,0,0,0,0,0,0,0,0,0,0,0,0,0,0,0,0,0,0
GSA-rs1498319,1,33218500,2,0,0,0,0,0,0,0,0,0,0,0,1,0,0,0,0,0,0,0
GSA-rs1185837,14,35459630,0,0,0,0,0,1,0,0,0,0,1,0,0,0,0,0,0,0,0,1
GSA-rs117004796,6,78908849,0,0,0,0,0,0,0,0,0,0,0,0,0,0,0,0,0,0,0,3
GSA-rs7359,4,16162866,0,0,0,0,0,0,0,0,0,0,1,0,0,0,0,0,0,0,0,2
GSA-rs75380877,12,77912392,0,0,0,0,0,0,0,0,0,0,0,0,0,0,0,0,0,0,0,3
rs13269603,8,22631237,0,0,0,0,0,0,0,0,0,0,0,0,0,0,0,0,0,0,0,3
GSA-rs117334896,14,20192581,0,0,0,0,0,0,0,0,0,0,0,0,0,0,0,0,0,0,0,3
GSA-rs117421372,14,41063047,0,0,0,0,0,0,0,0,0,0,0,0,0,0,0,0,0,0,0,3
GSA-rs7541743,1,164380409,0,0,0,0,1,0,1,0,0,0,0,0,0,0,0,0,0,0,0,1
GSA-rs12522360,5,121267999,2,0,0,0,0,0,0,0,0,0,0,1,0,0,0,0,0,0,0,0
GSA-rs9898298,17,56667138,0,0,0,0,0,0,0,0,0,0,0,0,0,0,0,0,0,0,0,3
GSA-rs73177359,8,4397998,0,0,0,0,0,0,0,0,0,0,1,0,0,0,0,0,0,0,0,2
GSA-rs10149848,14,72388454,0,0,0,0,0,0,0,0,0,0,0,0,0,0,0,0,0,0,0,3
GSA-rs10835189,11,27520448,0,0,0,0,0,0,0,0,1,1,0,0,0,0,0,0,0,0,0,1
GSA-rs11247856,1,26103387,0,0,0,0,0,0,0,0,0,0,0,0,0,1,0,0,0,0,0,2
GSA-rs12126758,1,147604909,2,0,0,0,0,0,0,0,0,0,0,0,0,1,0,0,0,0,0,0
GSA-rs17092746,14,48359832,0,0,0,0,0,0,0,0,0,0,0,0,0,1,0,0,0,0,0,2
GSA-rs2282029,1,234565122,1,0,0,0,0,1,0,0,1,0,0,0,0,0,0,0,0,0,0,0
GSA-rs4751881,10,122256114,0,0,0,0,0,0,0,0,0,0,0,0,0,0,0,0,0,0,0,3
GSA-rs6901395,6,88722643,2,0,0,0,0,0,0,0,1,0,0,0,0,0,0,0,0,0,0,0
GSA-rs76144165,1,40103804,3,0,0,0,0,0,0,0,0,0,0,0,0,0,0,0,0,0,0,0
GSA-rs9553821,13,26447396,3,0,0,0,0,0,0,0,0,0,0,0,0,0,0,0,0,0,0,0
rs11576175,1,150754918,0,0,0,0,0,0,0,0,0,0,0,0,0,0,0,0,0,0,0,3
rs1418973,1,210820997,1,0,0,0,0,0,0,0,0,0,1,0,1,0,0,0,0,0,0,0
rs1896296,2,60496952,2,0,0,0,0,0,0,0,0,1,0,0,0,0,0,0,0,0,0,0
rs632422,6,80505841,1,0,0,0,0,0,0,0,0,1,0,0,0,0,0,0,0,0,0,1
rs6755681,2,133081886,0,0,0,0,0,0,0,0,0,0,0,0,0,0,0,0,0,0,0,3
rs7579125,2,20449729,0,0,0,0,0,0,0,0,0,0,0,0,0,0,0,0,0,0,0,3
GSA-rs6982066,8,16110804,3,0,0,0,0,0,0,0,0,0,0,0,0,0,0,0,0,0,0,0
GSA-rs35187337,18,57174527,2,0,0,0,0,0,1,0,0,0,0,0,0,0,0,0,0,0,0,0
GSA-rs17153937,7,80438471,3,0,0,0,0,0,0,0,0,0,0,0,0,0,0,0,0,0,0,0
rs3782958,13,95141617,0,0,0,0,0,0,0,0,0,0,0,0,0,0,0,0,0,0,0,3
rs2176775,16,85994910,3,0,0,0,0,0,0,0,0,0,0,0,0,0,0,0,0,0,0,0
GSA-rs17396918,1,80677033,0,0,0,0,0,0,0,0,0,0,0,0,0,0,0,0,0,0,0,3
GSA-rs12989666,2,50725225,3,0,0,0,0,0,0,0,0,0,0,0,0,0,0,0,0,0,0,0
rs3095326,6,30758064,0,0,0,0,0,0,0,1,0,0,0,0,0,0,0,0,0,0,0,2
rs234043,3,172595577,1,0,0,0,0,0,0,0,0,0,0,0,0,0,0,0,0,0,0,2
GSA-rs1890948,1,44464193,0,0,0,0,0,0,0,0,0,2,0,0,0,0,0,0,0,0,0,1
GSA-rs61889797,11,10246208,0,0,0,0,0,0,0,0,0,0,0,0,0,0,0,0,0,0,0,3
GSA-rs10490528,2,154355704,3,0,0,0,0,0,0,0,0,0,0,0,0,0,0,0,0,0,0,0
GSA-rs77508540,2,129516649,3,0,0,0,0,0,0,0,0,0,0,0,0,0,0,0,0,0,0,0
GSA-rs1473432,12,98180768,0,0,0,0,0,0,1,0,0,0,0,0,0,0,0,0,0,0,0,2
ilmnseq_rs886040496_ilmndup1,13,32338132,3,0,0,0,0,0,0,0,0,0,0,0,0,0,0,0,0,0,0,0
GSA-rs7667843,4,80699552,3,0,0,0,0,0,0,0,0,0,0,0,0,0,0,0,0,0,0,0
ilmnseq_rs33945777.2_F2BT_ilmndup1,11,5226576,3,0,0,0,0,0,0,0,0,0,0,0,0,0,0,0,0,0,0,0
rs11195128,10,110426390,1,0,0,0,0,0,0,0,0,1,0,0,0,0,0,0,0,0,0,1
chr1-97981498,1,97515942,0,0,0,0,0,0,0,0,0,0,0,0,0,0,0,0,0,0,0,3
rs2160860,8,39965626,0,0,0,0,0,0,0,0,2,1,0,0,0,0,0,0,0,0,0,0
GSA-rs12567544,1,190944348,2,0,0,0,0,0,0,0,0,0,0,0,0,0,0,0,0,0,0,1
GSA-rs16827753,2,150057895,3,0,0,0,0,0,0,0,0,0,0,0,0,0,0,0,0,0,0,0
GSA-rs17107222,10,80595652,2,0,0,0,0,0,0,0,0,1,0,0,0,0,0,0,0,0,0,0
GSA-rs7610618,3,149439919,0,0,0,0,0,0,0,1,0,0,0,0,0,0,0,0,0,0,0,2
seq-rs794728684,10,43077259,0,0,0,0,0,0,0,0,0,0,0,0,0,0,0,0,0,0,0,3
GSA-rs115936056,1,216321023,3,0,0,0,0,0,0,0,0,0,0,0,0,0,0,0,0,0,0,0
GSA-rs74897717,13,57383744,3,0,0,0,0,0,0,0,0,0,0,0,0,0,0,0,0,0,0,0
rs4240748,12,91853010,1,0,0,0,0,0,0,0,1,0,1,0,0,0,0,0,0,0,0,0
rs6759673,2,54939014,1,0,0,0,0,0,0,0,0,1,1,0,0,0,0,0,0,0,0,0
GSA-rs12607954,18,6646332,3,0,0,0,0,0,0,0,0,0,0,0,0,0,0,0,0,0,0,0
seq-rs144352852.1,15,78593151,3,0,0,0,0,0,0,0,0,0,0,0,0,0,0,0,0,0,0,0
GSA-rs117020868,7,29289837,3,0,0,0,0,0,0,0,0,0,0,0,0,0,0,0,0,0,0,0
GSA-rs2333874,8,104414694,3,0,0,0,0,0,0,0,0,0,0,0,0,0,0,0,0,0,0,0
GSA-rs114775362,3,19795009,3,0,0,0,0,0,0,0,0,0,0,0,0,0,0,0,0,0,0,0
GSA-rs76228369,11,60948988,3,0,0,0,0,0,0,0,0,0,0,0,0,0,0,0,0,0,0,0
GSA-rs17558693,18,7857903,0,0,0,0,0,0,0,0,0,0,0,0,0,0,0,0,0,0,0,3
rs12032907,1,164161682,0,0,0,0,0,0,0,0,0,0,0,0,0,0,0,0,0,0,0,3
exm2271644,11,112118869,0,0,0,0,0,0,0,0,0,0,1,0,0,0,0,0,0,0,0,2
GSA-rs553351,11,86539324,3,0,0,0,0,0,0,0,0,0,0,0,0,0,0,0,0,0,0,0
GSA-rs56263526,2,217065082,0,0,0,0,0,0,0,0,1,0,1,0,0,0,0,0,0,0,0,1
rs2099505,2,24816935,1,0,0,0,0,0,0,0,0,2,0,0,0,0,0,0,0,0,0,0
rs2191349,7,15024684,2,0,0,0,0,0,0,0,0,0,0,0,0,0,0,0,0,0,0,1
rs929212,17,69556749,0,0,0,0,0,0,0,0,0,0,0,0,0,0,0,0,1,0,0,2
rs970548,10,45517829,1,0,0,0,0,0,0,0,1,1,0,0,0,0,0,0,0,0,0,0
GSA-rs12533067,7,6151798,0,0,0,0,0,0,0,0,0,1,0,0,0,0,0,0,0,0,0,2
GSA-rs10135297,14,39655883,3,0,0,0,0,0,0,0,0,0,0,0,0,0,0,0,0,0,0,0
GSA-rs10748349,12,43076739,0,0,0,0,0,1,0,0,1,0,0,0,0,0,0,0,0,0,0,1
GSA-rs10845065,12,10204315,2,0,0,0,0,0,0,0,0,1,0,0,0,0,0,0,0,0,0,0
GSA-rs10998920,10,69696079,2,0,0,0,0,0,0,0,0,0,0,0,1,0,0,0,0,0,0,0
GSA-rs11537814,1,214663867,2,0,0,0,0,0,0,1,0,0,0,0,0,0,0,0,0,0,0,0
GSA-rs117944468,11,82930932,2,0,0,0,0,1,0,0,0,0,0,0,0,0,0,0,0,0,0,0
GSA-rs117956866,21,16457686,0,0,0,0,0,0,0,0,0,0,0,0,0,0,0,0,0,0,0,3
GSA-rs12999750,2,114818942,2,0,0,0,0,0,0,1,0,0,0,0,0,0,0,0,0,0,0,0
GSA-rs1478871,13,81304154,2,0,0,0,0,0,0,0,0,0,0,0,0,0,0,0,0,0,0,1
GSA-rs1939344,11,129072069,2,0,0,0,0,0,0,0,0,0,0,0,0,0,0,0,0,0,0,1
GSA-rs2008026,8,96505859,3,0,0,0,0,0,0,0,0,0,0,0,0,0,0,0,0,0,0,0
GSA-rs2011857,15,61076428,1,0,0,0,0,0,0,0,0,1,0,0,0,0,0,0,0,0,0,1
GSA-rs2646828,1,217369019,0,0,0,0,0,0,0,0,0,0,0,0,0,0,0,0,1,0,0,2
GSA-rs2982481,1,167514069,1,0,0,0,0,0,0,0,0,1,0,0,0,0,0,1,0,0,0,0
GSA-rs62314682,4,134531634,0,0,0,0,0,0,0,0,0,0,0,0,0,0,0,0,0,0,0,3
GSA-rs73101145,12,46186567,0,0,0,0,0,0,0,0,0,0,0,0,0,0,0,0,0,0,0,3
GSA-rs75487318,10,122733264,2,0,0,0,0,0,0,0,0,1,0,0,0,0,0,0,0,0,0,0
GSA-rs899609,15,94027349,0,0,0,0,0,0,0,0,0,0,0,0,0,0,0,0,0,0,0,3
ilmnseq_15:92440277,15,91897047,0,0,0,0,0,0,0,0,0,0,0,0,0,0,0,0,0,0,0,3
rs17007869,2,29312195,0,0,0,0,0,0,0,0,0,0,0,0,0,0,0,0,0,0,0,3
rs3093023,6,167120802,1,0,0,0,0,0,0,0,0,1,1,0,0,0,0,0,0,0,0,0
rs4077468,1,205945629,2,0,0,0,0,0,0,1,0,0,0,0,0,0,0,0,0,0,0,0
rs4926670,1,55197007,0,0,0,0,0,0,0,0,0,1,0,0,0,0,0,0,0,0,0,2
rs800292,1,196673103,0,0,0,0,0,0,0,0,0,0,0,0,0,0,0,1,0,0,0,2
rs10936601,3,169810661,1,0,0,0,0,0,0,0,0,0,0,0,1,0,0,0,0,0,0,1
GSA-rs1157663,13,60806989,0,0,0,0,0,0,0,0,1,0,0,0,0,0,0,0,0,0,0,2
GSA-rs12741991,1,82306279,0,0,0,0,0,0,0,0,0,0,0,0,0,0,1,0,0,0,0,2
GSA-rs62520902,8,72354476,0,0,0,0,0,0,0,0,0,0,1,0,0,0,0,0,0,0,0,2
rs17676191,17,39793671,2,0,0,0,0,0,0,0,0,0,0,0,0,0,0,1,0,0,0,0
rs2295275,6,42256808,2,0,0,0,0,1,0,0,0,0,0,0,0,0,0,0,0,0,0,0
GSA-rs118144862,16,53230203,3,0,0,0,0,0,0,0,0,0,0,0,0,0,0,0,0,0,0,0
GSA-rs115757195,1,168604249,3,0,0,0,0,0,0,0,0,0,0,0,0,0,0,0,0,0,0,0
GSA-rs79550814,11,79304602,3,0,0,0,0,0,0,0,0,0,0,0,0,0,0,0,0,0,0,0
GSA-rs75045402,20,14656304,0,0,0,0,0,0,0,0,0,0,0,0,0,0,0,0,0,0,0,3
ilmnseq_1:98263561_ilmndup1,1,97798005,0,0,0,0,0,0,0,0,0,0,0,0,0,0,0,0,0,0,0,3
GSA-rs76906325,13,79775571,0,0,0,0,0,0,0,0,0,0,0,0,0,0,0,0,0,0,0,3
GSA-rs12023857,1,159388292,3,0,0,0,0,0,0,0,0,0,0,0,0,0,0,0,0,0,0,0
ilmnseq_rs1597768_ilmndup1,5,102321151,1,1,0,0,0,0,0,0,0,0,0,0,0,0,0,0,0,0,0,1
rs2056527,3,152990140,0,0,0,0,0,0,0,0,0,0,1,0,0,0,0,0,0,0,0,2
rs3769821,2,201258707,1,0,0,0,0,0,0,0,1,0,0,0,0,0,0,0,0,0,0,1
GSA-rs118074019,10,102864047,0,0,0,0,0,0,0,0,0,0,0,0,0,0,0,0,0,0,0,3
rs75240316,11,124030209,0,0,0,0,0,0,0,0,0,0,0,0,0,0,0,0,0,0,0,3
GSA-rs80164954,2,194546432,3,0,0,0,0,0,0,0,0,0,0,0,0,0,0,0,0,0,0,0
GSA-rs35021404,8,18836317,3,0,0,0,0,0,0,0,0,0,0,0,0,0,0,0,0,0,0,0
GSA-rs77816201,12,25944082,3,0,0,0,0,0,0,0,0,0,0,0,0,0,0,0,0,0,0,0
rs2145998,10,79361940,1,0,0,0,0,0,0,0,0,0,0,0,0,1,0,0,0,0,0,1
rs2454399,12,115398031,2,0,0,0,0,0,0,0,0,0,1,0,0,0,0,0,0,0,0,0
rs3757173,6,137869017,3,0,0,0,0,0,0,0,0,0,0,0,0,0,0,0,0,0,0,0
GSA-rs10513992,18,70069467,0,0,0,0,0,0,0,0,0,0,0,0,0,0,0,0,0,0,0,3
JHU_19.571780,19,571781,0,0,0,0,0,0,1,0,0,0,0,0,0,0,0,0,0,0,0,2
GSA-rs74060395,14,71699867,3,0,0,0,0,0,0,0,0,0,0,0,0,0,0,0,0,0,0,0
GSA-rs4915182,1,199653885,0,0,0,0,0,0,0,0,0,0,0,0,0,0,0,0,0,0,0,3
GSA-rs10510185,3,154240,2,0,0,0,0,0,0,0,1,0,0,0,0,0,0,0,0,0,0,0
GSA-rs77992699,12,127198109,3,0,0,0,0,0,0,0,0,0,0,0,0,0,0,0,0,0,0,0
GSA-rs79455444,20,40446085,0,0,0,0,0,0,0,0,0,0,0,0,0,0,0,0,0,0,0,3
rs7511784,1,221118246,0,0,0,0,1,0,0,0,0,0,1,0,0,1,0,0,0,0,0,0
GSA-rs117839286,4,13057251,0,0,0,0,0,0,0,0,0,0,0,0,0,0,0,0,0,0,0,3
GSA-rs12435275,14,26744235,3,0,0,0,0,0,0,0,0,0,0,0,0,0,0,0,0,0,0,0
rs7895307,10,112984202,0,0,0,0,0,0,0,0,0,2,0,0,0,0,0,0,0,0,0,1
rs12598646,16,11312662,0,0,0,0,0,0,0,1,0,0,0,0,0,0,0,0,0,0,0,2
rs6038010,20,4883140,1,0,0,0,0,0,0,0,0,0,0,1,0,0,0,0,0,0,0,1
GSA-rs147837424,15,93883474,3,0,0,0,0,0,0,0,0,0,0,0,0,0,0,0,0,0,0,0
