ilmnseq_rs11572127_ilmndup1,10,95054932,0.069607775,0.069607775,0.083537725,0.027838912499999997,0.11137663749999999
GSA-rs12442201,15,54374929,0.10262655000000001,0.10262655000000001,0.07203535,0.066608875,0.138644225
GSA-rs1334419,10,127136246,-0.019499787,-0.019499787,0.027325063,-0.0331623185,-0.005837255499999999
rs9366890,6,35595197,0.2449944,0.2449944,0.022350900000000007,0.23381895,0.25616985000000003
ilmnseq_5:125904304,5,126568612,-0.6805329,-0.6805329,0.33214410000000005,-0.84660495,-0.5144608500000001
GSA-rs78395208,5,74776969,-0.24484899999999998,-0.24484899999999998,0.1182881,-0.30399305,-0.18570495
ilmnseq_5:125904304_ilmndup1,5,126568612,-0.54099595,-0.54099595,0.36853685,-0.7252643750000001,-0.35672752500000005
ilmnseq_rs371851212.2_F2BT,6,46709366,0.2215722,0.2215722,0.1484085,0.14736795,0.29577644999999997
ilmnseq_rs81002844,13,32379747,-0.2485942,-0.2485942,0.1192162,-0.3082023,-0.1889861
GSA-rs76801822,2,146284921,-0.068329485,-0.068329485,0.146678215,-0.1416685925,0.005009622500000005
seq-rs146308738.1,6,54940039,-0.1775989,-0.1775989,0.2816935,-0.31844565,-0.03675215
seq-rs138338682,2,45573328,0.4668835,0.4668835,0.30412890000000004,0.31481905,0.61894795
seq-rs45476795,7,87426862,-0.6682495500000001,-0.6682495500000001,0.20942025000000003,-0.7729596750000001,-0.563539425
ilmnseq_rs11591741_ilmndup1,10,100216744,-0.3577566,-0.3577566,0.1298551,-0.42268415,-0.29282905000000004
GSA-15:41262218,15,40970020,0.052945225,0.052945225,0.065825575,0.0200324375,0.0858580125
rs13414223,2,182740350,0.13484485000000002,0.13484485000000002,0.0034750499999999934,0.133107325,0.136582375
ilmnseq_1:171074203_ilmndup1,1,171105062,0.107747805,0.107747805,0.033817595000000006,0.0908390075,0.1246566025
GSA-rs28484848,8,82282557,0.12963875,0.12963875,0.011289750000000008,0.123993875,0.13528362500000002
GSA-rs79489342,1,78657109,0.08729350050000001,0.08729350050000001,0.08213499950000001,0.04622600075,0.12836100025000002
ilmnseq_rs869025224,2,97734709,0.10714536499999999,0.10714536499999999,0.017519034999999995,0.0983858475,0.1159048825
ilmnseq_3:14513452_ilmndup1,3,14471944,-0.044714605000000004,-0.044714605000000004,0.026027625000000002,-0.057728417500000004,-0.0317007925
rs12990918,2,191088663,0.15774244999999998,0.15774244999999998,0.04826535,0.133609775,0.181875125
seq-rs147443404.1,2,54343858,0.076223995,0.076223995,0.023166835,0.0646405775,0.0878074125
ilmnseq_rs587778870,13,48345145,0.21187043,0.21187043,0.14175227,0.140994295,0.282746565
GSA-rs7607347,2,141009383,0.20548940000000002,0.20548940000000002,0.06668450000000001,0.17214715000000003,0.23883165
GSA-rs55841821,19,57412448,0.10393835000000001,0.10393835000000001,0.27038855,-0.03125592499999999,0.23913262500000002
ilmnseq_rs375600124.2_F2BT,1,21880524,0.009570145,0.009570145,0.033784615,-0.0073221625,0.0264624525
ilmnseq_rs5016465.2_F2BT,4,68661413,0.32061463,0.32061463,0.22182737,0.209700945,0.431528315
seq-rs147443404,2,54343858,0.02724199,0.02724199,0.01521495,0.019634514999999998,0.034849464999999996
chr20-1532337,20,1551691,-0.062627565,-0.062627565,0.097464135,-0.1113596325,-0.013895497500000006
IlmnSeq_rs587776700,11,47347030,-0.41701604999999997,-0.41701604999999997,0.08037065000000002,-0.457201375,-0.376830725
ilmnseq_rs587779672_F2BT,2,189007510,0.25755505,0.25755505,0.10853235,0.203288875,0.311821225
chr7-123143419,7,123503365,0.1462993,0.1462993,0.031153499999999994,0.13072255,0.16187605
ilmnseq_rs6864869_ilmndup1,5,89756040,0.011765899999999996,0.011765899999999996,0.1469355,-0.06170185,0.08523365
rs34723936,18,46566324,-0.279628,-0.279628,0.07168089999999999,-0.31546845,-0.24378755
GSA-rs117528898,21,20668246,-0.068015429,-0.068015429,0.060356871,-0.09819386449999999,-0.0378369935
GSA-rs116923590,11,26647371,0.065988025,0.065988025,0.040057875,0.045959087499999995,0.0860169625
rs4694362,4,71028147,-0.0025316650000000024,-0.0025316650000000024,0.095268965,-0.0501661475,0.045102817499999996
GSA-rs116337739,20,11650368,0.06978514899999999,0.06978514899999999,0.061059050999999996,0.039255623499999996,0.10031467449999999
GSA-rs117171778,14,64324913,-0.2985209,-0.2985209,0.0989663,-0.34800405,-0.24903775
GSA-rs191158999,14,80988071,-0.2843161,-0.2843161,0.06451130000000001,-0.31657175,-0.25206045
rs2069062,3,6992862,0.1238095,0.1238095,0.009163500000000005,0.11922775,0.12839125
GSA-rs77627354,2,176023134,0.035929789999999996,0.035929789999999996,0.11533951,-0.021739965,0.09359954499999999
GSA-rs112850468,10,76022742,-0.09684936999999999,-0.09684936999999999,0.06547073,-0.129584735,-0.064114005
seq-rs61744153.1,2,21005391,-0.263487907,-0.263487907,0.265799393,-0.3963876035,-0.1305882105
IlmnSeq_rs730881543,13,32340855,0.13713175,0.13713175,0.03428975,0.119986875,0.154276625
GSA-rs11002487,10,52548580,-0.24363745,-0.24363745,0.10886124999999999,-0.298068075,-0.18920682500000002
GSA-rs72792235,5,127948101,-0.07354685999999999,-0.07354685999999999,0.006401739999999996,-0.07674773,-0.07034599
rs61754947,5,90651609,0.029935055,0.029935055,0.014305624999999999,0.0227822425,0.037087867499999996
GSA-rs34800381,11,98212091,0.7389751499999999,0.7389751499999999,0.18558855000000002,0.646180875,0.831769425
GSA-rs79599131,14,82913978,-0.14702425,-0.14702425,0.08874595,-0.191397225,-0.102651275
rs115330112,1,235775029,0.29899435,0.29899435,0.05843895,0.269774875,0.328213825
chr12-100441837,12,100048059,0.06036738999999999,0.06036738999999999,0.11819611,0.0012693349999999964,0.11946544499999999
GSA-rs1216370,4,128574304,-0.0063655500000000045,-0.0063655500000000045,0.12705515,-0.069893125,0.05716202499999999
rs6864869,5,89756040,-0.014437710000000003,-0.014437710000000003,0.07015225,-0.049513835000000006,0.020638415
seq-rs186989674.1,11,124881243,-0.13229057,-0.13229057,0.14848693000000002,-0.206534035,-0.05804710500000001
ilmnseq_15:58286500,15,57994302,0.018165850000000004,0.018165850000000004,0.14200715,-0.052837725,0.08916942500000001
GSA-rs184425526,4,107375441,0.20649855,0.20649855,0.06145465,0.175771225,0.237225875
rs1396830,2,210271888,0.104551625,0.104551625,0.013325774999999998,0.09788873749999999,0.1112145125
GSA-rs117697381,16,82127674,0.05902994,0.05902994,0.01206117,0.052999355,0.065060525
rs1357617,3,920099,0.02139120735,0.02139120735,0.02074607265,0.011018171024999999,0.031764243675
ilmnseq_7:117291132,7,117651078,-0.05007014,-0.05007014,0.06987836,-0.08500932,-0.015130959999999999
chr15-40031992,15,39739791,-0.08406645000000001,-0.08406645000000001,0.34021015,-0.254171525,0.08603862499999998
seq-rs267607940,2,47416430,-0.15952043500000002,-0.15952043500000002,0.12330756500000001,-0.22117421750000002,-0.09786665250000001
GSA-rs75977335,11,55080380,-0.3092803,-0.3092803,0.042012700000000014,-0.33028665,-0.28827395
GSA-rs10483351,14,29539908,0.020570420000000002,0.020570420000000002,0.06460344,-0.0117313,0.052872140000000005
GSA-rs4331059,11,98194226,0.18377905,0.18377905,0.03327654999999999,0.16714077500000002,0.20041732499999998
rs2706095,4,167402629,0.032197615,0.032197615,0.048539255,0.0079279875,0.0564672425
rs926127,8,126308382,0.12394318,0.12394318,0.027103219999999997,0.11039157,0.13749479
GSA-rs28703623,12,19473380,0.13463934,0.13463934,0.08615346,0.09156261,0.17771607
chr12-118577358,12,118139553,-0.43398165,-0.43398165,0.23721594999999998,-0.552589625,-0.31537367499999996
DUP-seq-rs587779687,2,188992886,-0.3076842,-0.3076842,0.057364899999999996,-0.33636665,-0.27900175000000005
ilmnseq_8:70481100,8,69568865,0.1038866705,0.1038866705,0.1064935295,0.05063990574999999,0.15713343525
seq-rs1133642.1,15,30974944,-0.0030170699999999984,-0.0030170699999999984,0.029128460000000002,-0.017581299999999998,0.01154716
GSA-rs979002,14,38900334,0.041158715000000005,0.041158715000000005,0.098008185,-0.0078453775,0.09016280750000001
GSA-rs76378876,6,139927218,-0.051255695000000004,-0.051255695000000004,0.113301005,-0.1079061975,0.005394807500000001
GSA-rs79997813,14,42684234,-0.131087595,-0.131087595,0.191351105,-0.2267631475,-0.03541204250000001
GSA-rs62073491,18,191652,-0.1001741955,-0.1001741955,0.0966613045,-0.14850484775,-0.05184354325
rs2389643,2,162010482,0.17956124,0.17956124,0.10698176,0.12607036,0.23305212
GSA-rs8037429,15,53324712,0.04307789,0.04307789,0.04970522,0.01822528,0.0679305
ilmnseq_rs730880690,11,47342575,0.1010448,0.1010448,0.21708100000000002,-0.007495699999999994,0.2095853
GSA-rs114999175,1,84928180,-0.055102395,-0.055102395,0.083685005,-0.0969448975,-0.013259892500000002
GSA-rs35283268,22,27048547,-0.020686154999999998,-0.020686154999999998,0.090297845,-0.0658350775,0.024462767500000003
GSA-rs2215383,7,15023358,0.04866495,0.04866495,0.15289605,-0.02778307499999999,0.125112975
GSA-rs11068466,12,117398072,0.031082759999999997,0.031082759999999997,0.06715402,-0.0024942500000000034,0.06465977
rs4752926,11,46671320,0.07535153,0.07535153,0.0064507699999999946,0.072126145,0.078576915
GSA-6:117540917,6,117219754,-0.10329690000000001,-0.10329690000000001,0.310874,-0.2587339,0.052140099999999995
ilmnseq_rs587779461_F2BT,2,189001450,0.5318254,0.5318254,0.060947,0.5013519,0.5622988999999999
GSA-rs12430377,13,109047859,0.064397025,0.064397025,0.085237375,0.0217783375,0.1070157125
rs11572127,10,95054932,0.05141224999999999,0.05141224999999999,0.25780745,-0.077491475,0.180315975
ilmnseq_rs116660078_ilmndup1,1,63429123,0.12055822199999999,0.12055822199999999,0.125008078,0.058054182999999995,0.183062261
rs6030766,20,43305438,0.1734968,0.1734968,0.046059600000000006,0.15046700000000002,0.1965266
GSA-rs78025186,4,102151681,-0.41133545,-0.41133545,0.022649150000000007,-0.422660025,-0.400010875
GSA-rs11255139,10,5780707,-0.0521144225,-0.0521144225,0.054441877500000006,-0.07933536125,-0.024893483750000004
rs2472300,15,74741568,-0.0439504295,-0.0439504295,0.035975260499999995,-0.061938059749999996,-0.025962799249999998
chr8-99045866,8,98033638,0.031599975,0.031599975,0.006615065,0.0282924425,0.0349075075
GSA-rs34910407,14,68097759,0.0216832,0.0216832,0.04172637,0.0008200150000000003,0.042546385
GSA-rs7122453,11,36050045,-0.10998458,-0.10998458,0.061171720000000006,-0.14057044000000002,-0.07939872
ilmnseq_rs13104260_ilmndup1,4,69482372,-0.09202004999999999,-0.09202004999999999,0.007136899999999995,-0.09558849999999999,-0.0884516
rs7474901,10,24608108,0.0547306508,0.0547306508,0.0552149492,0.0271231762,0.0823381254
GSA-rs7132431,12,55320988,0.0657329515,0.0657329515,0.0610310485,0.035217427249999995,0.09624847574999999
GSA-rs12308701,12,44408139,0.043573405,0.043573405,0.021630854999999997,0.0327579775,0.0543888325
GSA-rs35250279,15,33673441,-0.0200089,-0.0200089,0.04252335,-0.041270575,0.0012527749999999976
GSA-rs62383485,5,113895256,0.054482230000000006,0.054482230000000006,0.0015787500000000003,0.053692855000000005,0.055271605
GSA-rs7145153,14,80218522,0.061503705,0.061503705,0.038720395,0.042143507499999996,0.0808639025
GSA-rs75598143,10,54166373,0.007820569999999999,0.007820569999999999,0.06101788,-0.02268837,0.03832951
rs10027912,4,87544190,-0.110339145,-0.110339145,0.08403265500000001,-0.1523554725,-0.06832281750000001
rs1878200,2,188971952,0.18592175,0.18592175,0.05701175,0.15741587499999998,0.214427625
rs1969624,3,45693326,-0.100150235,-0.100150235,0.007914965000000003,-0.1041077175,-0.09619275249999999
rs28539243,16,54648152,-0.057022185499999996,-0.057022185499999996,0.0508040145,-0.08242419275,-0.03162017825
GSA-rs78557694,1,4117682,-0.07803911,-0.07803911,0.0017769800000000044,-0.0789276,-0.07715062
rs362509,6,29573084,0.3143959,0.3143959,0.1851978,0.221797,0.4069948
seq-rs765692335,15,48534129,-0.023279824999999997,-0.023279824999999997,0.097489575,-0.0720246125,0.025464962500000007
ilmnseq_rs587778849,13,48463788,0.18521245000000003,0.18521245000000003,0.33695645,0.01673422500000002,0.35369067500000007
GSA-rs7517159,1,162235072,0.097870025,0.097870025,0.025992975,0.0848735375,0.1108665125
GSA-rs11171791,12,56289032,-0.012044299999999994,-0.012044299999999994,0.1291373,-0.07661294999999999,0.05252435
seq-rs116803472.1,15,61983868,-0.042998595,-0.042998595,0.074897805,-0.08044749749999999,-0.005549692500000002
GSA-rs114061137,5,150775550,-0.03058079,-0.03058079,0.01224196,-0.03670177,-0.02445981
GSA-rs115084361,6,10963782,0.09629024,0.09629024,0.07003496000000001,0.06127276,0.13130772000000002
GSA-rs16925868,12,10938952,-0.011734070000000001,-0.011734070000000001,0.028637040000000002,-0.02605259,0.0025844499999999986
rs1571769,10,16479900,0.18967404999999998,0.18967404999999998,0.050895449999999995,0.164226325,0.215121775
ilmnseq_11:17416097,11,17394550,-0.26601435,-0.26601435,0.18748494999999998,-0.359756825,-0.172271875
GSA-rs4777581,15,73027674,0.024263285000000002,0.024263285000000002,0.044841925000000005,0.0018423225000000001,0.0466842475
GSA-rs11170445,12,53151908,-0.07336666,-0.07336666,0.16794873999999999,-0.15734103,0.010607709999999992
rs192288680,8,93809134,0.22420845,0.22420845,0.0007506499999999916,0.22383312500000002,0.22458377499999999
GSA-rs506418,11,35601599,0.08306166100000001,0.08306166100000001,0.087609939,0.039256691499999996,0.12686663050000002
rs648253,6,160048117,-0.09319029999999999,-0.09319029999999999,0.23806699999999997,-0.2122238,0.02584320000000001
seq-rs138338682.1,2,45573328,0.221424315,0.221424315,0.17439778500000003,0.1342254225,0.3086232075
rs2395178,6,32437585,-0.21055161,-0.21055161,0.19648499,-0.30879410500000004,-0.11230911500000001
GSA-rs7313297,12,115097576,-0.040442075,-0.040442075,0.083363525,-0.0821238375,0.001239687500000003
GSA-rs7971281,12,76331029,0.011162335000000002,0.011162335000000002,0.06814437500000001,-0.022909852499999994,0.0452345225
rs1425053,8,119200751,0.1381791,0.1381791,0.026253899999999997,0.12505215,0.15130605
rs1568885,7,13597906,-0.0404650705,-0.0404650705,0.0458956795,-0.06341291025,-0.01751723075
rs9277052,6,33038155,0.1378712,0.1378712,0.0261944,0.12477400000000001,0.1509684
GSA-rs80275025,17,68625069,0.13920226,0.13920226,0.07630514,0.10104969,0.17735483
ilmnseq_15:92422210,15,91878980,-0.14744859,-0.14744859,0.10539701,-0.200147095,-0.094750085
GSA-rs11070582,15,47394393,0.09660668,0.09660668,0.023519319999999996,0.08484702,0.10836634
GSA-rs1550669,13,53412126,-0.025395105,-0.025395105,0.095614995,-0.07320260249999999,0.022412392499999996
GSA-rs1861367,12,97404784,0.05802234999999999,0.05802234999999999,0.07429554999999999,0.020874574999999992,0.095170125
GSA-rs73448694,18,52487046,-0.043967914999999996,-0.043967914999999996,0.11425938499999999,-0.10109760749999999,0.0131617775
GSA-rs77585104,4,69460391,0.013478049999999998,0.013478049999999998,0.09626014999999999,-0.034652025,0.061608125
GSA-rs78967083,1,44370838,0.014044056499999999,0.014044056499999999,0.0069935134999999995,0.01054729975,0.01754081325
rs12188300,5,159402519,0.10372366,0.10372366,0.022169839999999996,0.09263874,0.11480858
rs4918664,10,93161308,-0.094655265,-0.094655265,0.049136035,-0.1192232825,-0.0700872475
rs2043664,9,104931964,-0.17819688,-0.17819688,0.11965532000000001,-0.23802454,-0.11836922
rs3865188,16,82617112,0.06086053,0.06086053,0.04647307,0.037623995,0.084097065
rs4713305,6,30285059,0.058557979999999996,0.058557979999999996,0.0019849199999999977,0.05756552,0.059550439999999996
GSA-rs116983971,9,125323997,-0.12091381999999999,-0.12091381999999999,0.07057517999999999,-0.15620140999999998,-0.08562623
seq-rs587780192,22,28699929,-0.42962065,-0.42962065,0.08581774999999997,-0.472529525,-0.386711775
rs9262289,6,30917909,0.0908739345,0.0908739345,0.0863446655,0.04770160175,0.13404626725000002
GSA-rs1963626,11,107822394,-0.07908021,-0.07908021,0.0018418899999999988,-0.08000115499999999,-0.078159265
GSA-rs16867368,2,180788537,-0.108154027,-0.108154027,0.100707773,-0.1585079135,-0.05780014049999999
ilmnseq_15:92639988,15,92096758,-0.013734319999999998,-0.013734319999999998,0.06183616,-0.044652399999999995,0.01718376
rs190239785,10,66280504,0.015849250000000002,0.015849250000000002,0.12864545,-0.048473475,0.080171975
GSA-rs72982051,2,160196564,-0.015056890000000002,-0.015056890000000002,0.04403534,-0.037074560000000006,0.00696078
ilmnseq_rs763998635,19,11105379,0.17004925,0.17004925,0.42909644999999996,-0.044498974999999996,0.384597475
GSA-rs77331092,16,61852318,0.125298015,0.125298015,0.031181985000000002,0.1097070225,0.1408890075
GSA-rs191882171,12,73569709,0.2939273,0.2939273,0.1178575,0.23499855,0.35285605
rs11746138,5,159346771,0.01892225,0.01892225,0.007409870000000001,0.015217314999999999,0.022627185
GSA-rs75568793,10,74759352,-0.299042345,-0.299042345,0.340904155,-0.46949442249999995,-0.1285902675
GSA-rs117854497,12,14273449,0.007900899999999995,0.007900899999999995,0.10828689999999999,-0.04624255000000001,0.06204435
rs6694222,1,247777890,0.068686815,0.068686815,0.024234494999999998,0.056569567499999994,0.0808040625
rs17268806,2,56379094,-0.09851529,-0.09851529,0.06775591,-0.132393245,-0.064637335
rs2523502,6,31546087,-0.15014439999999998,-0.15014439999999998,0.07452099999999999,-0.18740489999999999,-0.1128839
ilmnseq_rs377444691.2_F2BT,21,45496501,-0.0019918000000000158,-0.0019918000000000158,0.25794059999999996,-0.13096210000000003,0.1269785
GSA-rs78706189,13,97928612,0.080036205,0.080036205,0.006242264999999997,0.0769150725,0.0831573375
rs16853238,2,215049722,0.064325115,0.064325115,0.099339185,0.014655522500000004,0.11399470750000001
GSA-rs17226542,12,70760186,0.168226965,0.168226965,0.093520035,0.1214669475,0.2149869825
rs142817656,1,154170689,0.005923915,0.005923915,0.020323935,-0.004238052499999999,0.0160858825
GSA-rs2239247,14,72335528,0.004207875000000001,0.004207875000000001,0.016581365,-0.004082807499999999,0.0124985575
GSA-rs72651420,4,72010269,-0.16389288999999999,-0.16389288999999999,0.13518971,-0.23148774499999997,-0.09629803499999999
rs763869,8,1427444,-0.1022462,-0.1022462,0.062399300000000005,-0.13344585,-0.07104655
seq-rs10179277.1,2,208306775,0.14604568499999998,0.14604568499999998,0.060091414999999995,0.11599997749999999,0.1760913925
GSA-rs72806553,10,59070503,-0.2491632,-0.2491632,0.0677228,-0.2830246,-0.2153018
rs4660740,1,43682946,-0.007776242999999999,-0.007776242999999999,0.013685487,-0.014618986499999998,-0.0009334994999999997
rs7792118,7,7978850,-0.010477299999999995,-0.010477299999999995,0.2178967,-0.11942565,0.09847105
rs994533,2,217419555,-0.01987924,-0.01987924,0.00392665,-0.021842565,-0.017915914999999998
exm2269319,2,129765321,0.048659309,0.048659309,0.054681191,0.021318713500000003,0.07599990449999999
GSA-rs10520267,4,174035261,0.0603317835,0.0603317835,0.0574644165,0.031599575250000005,0.08906399175
GSA-rs115003157,5,164433231,-0.037580020000000006,-0.037580020000000006,0.06477128,-0.06996566000000001,-0.005194380000000002
GSA-rs116734890,6,39691331,0.0372217475,0.0372217475,0.0426378325,0.01590283125,0.05854066375
GSA-rs116985271,19,32458814,0.05549261,0.05549261,0.027865139999999997,0.04156004,0.06942518
GSA-rs117153858,21,17271288,-0.23045565,-0.23045565,0.21444255,-0.337676925,-0.12323437500000001
GSA-rs45494092,16,23635536,-0.04346466,-0.04346466,0.10001374,-0.09347153,0.00654221
GSA-rs62296417,4,19332680,-0.079619057,-0.079619057,0.08605814299999999,-0.1226481285,-0.036589985500000005
GSA-rs73243906,14,29891506,-0.059523455,-0.059523455,0.073025545,-0.0960362275,-0.023010682499999997
GSA-rs735653,15,79954558,-0.0407865205,-0.0407865205,0.0459422795,-0.06375766025,-0.01781538075
GSA-rs74837373,10,7459482,0.04929643,0.04929643,0.03516764,0.03171261,0.06688025
GSA-rs75579863,21,28204980,-0.04936069,-0.04936069,0.05383201,-0.076276695,-0.022444685
GSA-rs77975715,2,234468608,-0.0007397050000000002,-0.0007397050000000002,0.034198505,-0.0178389575,0.0163595475
GSA-rs79751870,4,79036296,0.021465789,0.021465789,0.014340801,0.014295388499999999,0.0286361895
rs1124493,11,113411573,-0.08513804999999999,-0.08513804999999999,0.0066920999999999994,-0.0884841,-0.081792
rs117879704,11,8619490,0.025057175,0.025057175,0.011527475,0.019293437500000003,0.030820912500000002
rs1485993,11,69547646,0.1348575,0.1348575,0.0345551,0.11757995,0.15213505
rs72747885,15,61915712,0.076030815,0.076030815,0.036903085,0.0575792725,0.0944823575
exm2269288,2,79221795,0.09032149349999999,0.09032149349999999,0.09601510649999999,0.04231394025,0.13832904675
GSA-rs115069062,13,76698322,-0.090914185,-0.090914185,0.018232815,-0.10003059249999999,-0.0817977775
GSA-rs113977130,3,69902598,0.15534143,0.15534143,0.07164397,0.119519445,0.191163415
rs7780001,7,19438358,0.24555985,0.24555985,0.0010888500000000023,0.245015425,0.24610427499999998
ilmnseq_1:171223951,1,171254812,-0.03850969500000001,-0.03850969500000001,0.100689105,-0.08885424750000001,0.011834857499999997
GSA-rs117437685,16,79444554,-0.078210575,-0.078210575,0.046815325,-0.1016182375,-0.054802912499999995
rs7202116,16,53787703,-0.026446475,-0.026446475,0.015595195000000001,-0.0342440725,-0.0186488775
GSA-rs111563259,14,83484673,-0.071187005,-0.071187005,0.023887824999999998,-0.0831309175,-0.059243092500000004
GSA-rs16990416,21,33261421,-0.11242655500000001,-0.11242655500000001,0.066257545,-0.1455553275,-0.0792977825
GSA-rs77415018,5,54325915,-0.04931924,-0.04931924,0.10175976,-0.10019912,0.001560640000000002
GSA-rs3901289,10,122267918,0.230267265,0.230267265,0.13742303500000003,0.1615557475,0.2989787825
GSA-rs58889849,5,113616632,0.04331603,0.04331603,0.0052188999999999985,0.04070658,0.04592548
rs140901333,3,15217541,-0.13501194,-0.13501194,0.07652196,-0.17327292,-0.09675096
GSA-rs115275928,5,97763696,-0.162185795,-0.162185795,0.06873770500000001,-0.1965546475,-0.1278169425
GSA-rs116742198,1,80696457,0.054371735,0.054371735,0.036744325,0.0359995725,0.0727438975
GSA-rs117921372,9,82209388,-0.071446375,-0.071446375,0.030485925,-0.0866893375,-0.0562034125
GSA-rs146810532,12,19969893,0.081877165,0.081877165,0.022933835,0.0704102475,0.09334408250000001
GSA-rs17074951,13,50809130,-0.13431367,-0.13431367,0.06953323,-0.169080285,-0.099547055
GSA-rs34337,12,9271712,0.18831595,0.18831595,0.02044335,0.17809427500000002,0.198537625
GSA-rs58927784,1,191479158,0.06800226,0.06800226,0.057853739999999994,0.03907539,0.09692913
GSA-rs61760237,12,132142820,-0.025107080000000004,-0.025107080000000004,0.11443422,-0.08232419,0.03211003
GSA-rs73037504,3,22988407,0.03081838,0.03081838,0.00700888,0.027313940000000002,0.034322820000000004
GSA-rs74781359,12,10338947,0.09884195,0.09884195,0.037826649999999996,0.079928625,0.11775527499999999
GSA-rs75562643,9,106938131,-0.12049045,-0.12049045,0.010241849999999997,-0.125611375,-0.115369525
GSA-rs78202598,18,13852512,-0.09443907,-0.09443907,0.015996930000000006,-0.102437535,-0.086440605
GSA-rs78910017,20,21272730,-0.003205400000000004,-0.003205400000000004,0.12405360000000001,-0.0652322,0.058821399999999996
GSA-rs7968917,12,81460608,0.15502159999999998,0.15502159999999998,0.0079954,0.1510239,0.1590193
GSA-rs9953116,18,49015092,-0.24936919999999999,-0.24936919999999999,0.02195749999999999,-0.26034795,-0.23839044999999998
rs8034802,15,58432593,0.011696896,0.011696896,0.019423404,0.001985193999999999,0.021408598
rs35311343,4,186082575,-0.3625423,-0.3625423,0.1824327,-0.45375865,-0.27132595000000004
GSA-rs16940123,18,46878415,-0.250902915,-0.250902915,0.15564318500000002,-0.32872450750000004,-0.17308132250000002
rs1454836,15,47258857,0.011400084999999997,0.011400084999999997,0.10853711499999999,-0.042868472500000004,0.0656686425
rs35974081,16,30583423,-0.048855064499999996,-0.048855064499999996,0.0485367755,-0.07312345225,-0.024586676749999998
rs3812594,9,136474501,0.04558375,0.04558375,0.0071136399999999975,0.042026930000000004,0.049140569999999995
GSA-rs117463930,18,77600597,-0.2762341,-0.2762341,0.07256610000000001,-0.31251715,-0.23995105
GSA-rs188656086,2,188294908,0.13798938,0.13798938,0.07844802000000001,0.09876537,0.17721339
6:10622328-A-T,6,10622095,0.2083257,0.2083257,0.09374690000000001,0.16145225000000002,0.25519915000000004
rs72728428,1,97376813,0.03190970000000001,0.03190970000000001,0.2118197,-0.07400014999999999,0.13781955
GSA-rs117997966,11,66911644,0.1363173,0.1363173,0.015462799999999999,0.1285859,0.1440487
rs1876482,2,17181301,-0.0873877235,-0.0873877235,0.0781353765,-0.12645541175,-0.048320035250000004
GSA-rs62420176,6,92139235,0.24136415,0.24136415,0.04750135,0.217613475,0.265114825
GSA-rs117213348,1,72458792,-0.08390186499999999,-0.08390186499999999,0.05420843499999999,-0.11100608249999999,-0.0567976475
rs9024,21,36073015,-0.055304651999999996,-0.055304651999999996,0.051198747999999995,-0.08090402599999999,-0.029705278
GSA-rs11009617,10,34001197,-0.011820704999999997,-0.011820704999999997,0.050727974999999995,-0.0371846925,0.013543282500000003
GSA-rs8052275,16,19318781,-0.1081963539,-0.1081963539,0.1087199461,-0.16255632695,-0.053836380850000004
GSA-rs76485821,3,176295114,0.21389005,0.21389005,0.027858049999999995,0.19996102500000001,0.22781907499999998
GSA-rs56200940,5,159738822,-0.04139487,-0.04139487,0.06340093,-0.073095335,-0.009694404999999996
GSA-rs7328755,13,49417813,-0.098724175,-0.098724175,0.027998025000000003,-0.1127231875,-0.0847251625
rs9267835,6,32212846,-0.006492949999999997,-0.006492949999999997,0.12502425,-0.069005075,0.056019175000000004
GSA-rs7608119,2,75163195,0.095544415,0.095544415,0.09095068499999999,0.0500690725,0.1410197575
GSA-rs76172503,5,59563619,-0.116511855,-0.116511855,0.096334745,-0.1646792275,-0.0683444825
ilmnseq_rs730880579,11,47335050,-0.07458210500000001,-0.07458210500000001,0.014086805,-0.0816255075,-0.0675387025
seq-rs794726835,2,165996045,-0.40462950000000003,-0.40462950000000003,0.1731489,-0.49120395000000006,-0.31805505
GSA-rs78211770,8,132811959,0.33084732000000006,0.33084732000000006,0.23284368000000003,0.21442548,0.44726916000000005
GSA-rs9806571,15,52706645,-0.08111589,-0.08111589,0.02843151,-0.095331645,-0.066900135
rs2306852,12,26936607,0.25629282999999997,0.25629282999999997,0.20892956999999998,0.151828045,0.360757615
GSA-rs442451,7,110461489,0.02367805,0.02367805,0.13493785,-0.04379087500000001,0.091146975
GSA-rs4611304,13,22025042,-0.04588553,-0.04588553,0.0037525799999999984,-0.047761819999999996,-0.044009240000000005
rs3758866,11,60280029,0.115976435,0.115976435,0.102117265,0.0649178025,0.1670350675
GSA-rs147309033,10,20163977,0.074515265,0.074515265,0.11607883499999999,0.016475847499999995,0.1325546825
GSA-rs947542,10,98902081,0.01506921,0.01506921,0.10641849,-0.038140035,0.068278455
GSA-rs56303026,1,200726957,-0.04008677,-0.04008677,0.00862727,-0.044400405000000004,-0.035773135
ilmnseq_rs786201886,0,0,-0.227388,-0.227388,0.045468499999999995,-0.25012225,-0.20465375000000002
GSA-rs61832166,1,185534047,0.116499035,0.116499035,0.064419265,0.0842894025,0.1487086675
GSA-rs3811280,14,22184666,0.092740935,0.092740935,0.069793265,0.0578443025,0.1276375675
GSA-rs111317727,12,115751827,0.061402805,0.061402805,0.010918905,0.0559433525,0.0668622575
rs7991818,13,50636244,-0.012625619999999999,-0.012625619999999999,0.04070249,-0.032976864999999994,0.007725625
seq-rs151328414.2,7,24699169,-0.14800934999999998,-0.14800934999999998,0.27799035,-0.28700452499999995,-0.009014174999999985
rs80358717,13,32326257,-0.22533704999999998,-0.22533704999999998,0.005816050000000003,-0.228245075,-0.222429025
GSA-rs76514089,11,44372139,-0.09386821999999999,-0.09386821999999999,0.18886547999999997,-0.18830096,0.0005645200000000128
rs9825983,3,79911074,0.22588555,0.22588555,0.08027224999999999,0.185749425,0.26602167499999996
GSA-rs1774847,1,203025140,0.12851184999999998,0.12851184999999998,0.003960549999999993,0.126531575,0.130492125
GSA-rs1509605,11,24555637,0.00868854999999999,0.00868854999999999,0.17250135,-0.07756212500000001,0.09493922499999999
rs1412337,1,168649403,0.25594089999999997,0.25594089999999997,0.021738999999999994,0.2450714,0.2668104
GSA-rs16981994,22,26382369,0.002065265,0.002065265,0.052866565000000004,-0.0243680175,0.0284985475
GSA-rs77804406,19,22873733,0.11083451000000001,0.11083451000000001,0.12831879000000002,0.046675115,0.174993905
GSA-rs75912267,22,43646503,-0.093840905,-0.093840905,0.062691795,-0.1251868025,-0.0624950075
GSA-rs7308021,12,62465640,0.082478935,0.082478935,0.09946186500000001,0.032748002500000005,0.13220986750000002
rs1380283,4,130531665,0.06722385,0.06722385,0.055585050000000004,0.039431324999999996,0.095016375
GSA-rs77783515,3,144080636,0.11100452999999999,0.11100452999999999,0.021359769999999993,0.100324645,0.12168441499999999
rs7958375,12,111202213,-0.21490140000000002,-0.21490140000000002,0.021867700000000004,-0.22583525000000002,-0.20396755
seq-rs3218634,3,121432965,-0.026917480000000004,-0.026917480000000004,0.04667006,-0.05025251000000001,-0.003582450000000001
10:135339829_CNV_CYP2E1,10,133526325,-0.126654955,-0.126654955,0.108444845,-0.1808773775,-0.07243253250000001
GSA-rs13083427,3,173193571,0.263419795,0.263419795,0.200043305,0.1633981425,0.3634414475
GSA-rs56223657,14,103193846,-0.07651343499999999,-0.07651343499999999,0.050173665,-0.1016002675,-0.0514266025
1kg_6_30182289,6,30106533,0.061976939999999994,0.061976939999999994,0.09695136,0.013501260000000001,0.11045262
GSA-rs1381682,3,193177374,0.173923765,0.173923765,0.111718335,0.11806459750000001,0.2297829325
GSA-rs75500145,3,99530454,0.1361897,0.1361897,0.2813529,-0.004486749999999984,0.27686615
seq-rs114768815.1,15,25679435,0.27682675,0.27682675,0.06326045,0.245196525,0.30845697499999997
ilmnseq_8:70481100_ilmndup1,8,69568865,0.09771110000000001,0.09771110000000001,0.0609504,0.0672359,0.1281863
GSA-rs12090964,1,54558178,-0.05224333,-0.05224333,0.062491069999999996,-0.083488865,-0.020997795
GSA-rs77722566,5,156104350,0.045708874999999996,0.045708874999999996,0.014738205,0.0383397725,0.0530779775
rs6832850,4,173328442,-0.07367936,-0.07367936,0.04599284000000001,-0.09667578,-0.05068294
GSA-rs12441791,15,61846388,-0.11563056499999999,-0.11563056499999999,0.026766234999999992,-0.1290136825,-0.1022474475
GSA-rs73330909,10,50316072,-0.050879730000000005,-0.050879730000000005,0.05468807,-0.078223765,-0.023535695
rs139814895,15,89292706,-0.0164864945,-0.0164864945,0.006512445499999999,-0.01974271725,-0.01323027175
rs184888200,2,178652550,nan,nan,nan,nan,nan
BOT-rs11648796,16,742190,-0.05195055,-0.05195055,0.10105925,-0.102480175,-0.0014209250000000034
BOT2-rs11648796,16,742190,-0.03601515500000001,-0.03601515500000001,0.120192745,-0.09611152750000002,0.024081217499999995
GSA-rs283718,8,127294837,0.041886320149999996,0.041886320149999996,0.04160549985,0.021083570225,0.06268907007499999
GSA-rs34017564,7,39103807,0.031955149999999995,0.031955149999999995,0.04237875,0.010765775,0.053144525
ilmnseq_rs1878200_ilmndup1,2,188971952,0.19804834999999998,0.19804834999999998,0.03260275,0.181746975,0.214349725
rs11654824,17,35186318,-0.09146905,-0.09146905,0.022482250000000002,-0.102710175,-0.080227925
rs2727784,11,116840425,-0.057061975,-0.057061975,0.019863395000000002,-0.0669936725,-0.047130277500000005
rs42524,7,94413927,-0.058979645,-0.058979645,0.115404855,-0.1166820725,-0.001277217499999997
GSA-rs11630390,15,81048553,-0.01144629,-0.01144629,0.03386253,-0.028377555,0.005484975
GSA-rs77882664,18,47538455,-0.21165917,-0.21165917,0.18367563,-0.303496985,-0.11982135499999999
GSA-rs10845625,12,12751973,0.013957174,0.013957174,0.022302646,0.002805851,0.025108497
GSA-rs116289906,2,40051842,0.025637044999999997,0.025637044999999997,0.11909165499999999,-0.0339087825,0.08518287249999999
GSA-rs11736218,4,99955491,-0.19494409999999998,-0.19494409999999998,0.16294399999999998,-0.2764161,-0.11347209999999999
GSA-rs462906,5,2355275,0.07805512,0.07805512,0.06379418,0.04615803,0.10995221000000001
GSA-rs62410715,6,48505620,0.14390682999999999,0.14390682999999999,0.05855497,0.114629345,0.173184315
GSA-rs76230323,10,106354212,-0.007481974999999998,-0.007481974999999998,0.024459395,-0.0197116725,0.004747722500000001
GSA-rs76230579,9,24051361,-0.0197722245,-0.0197722245,0.0160282955,-0.027786372250000003,-0.01175807675
GSA-rs7904569,10,15568565,0.005977639999999999,0.005977639999999999,0.07617303,-0.032108874999999995,0.044064154999999994
ilmnseq_rs2043664_ilmndup1,9,104931964,-0.099914155,-0.099914155,0.08557284500000001,-0.1427005775,-0.0571277325
rs1475531,20,14886776,0.117909265,0.117909265,0.043537635000000005,0.0961404475,0.1396780825
GSA-rs4301653,1,102207943,0.001424700000000001,0.001424700000000001,0.2076173,-0.10238395,0.10523335
ilmnseq_rs2287622.2_F2BT_ilmndup1,2,168973818,0.13875125,0.13875125,0.03550775,0.120997375,0.156505125
GSA-rs62265569,3,129795127,-0.11249979,-0.11249979,0.13475210999999998,-0.17987584499999998,-0.045123735000000005
GSA-rs80116306,12,43877228,0.11805383,0.11805383,0.09229717000000001,0.071905245,0.164202415
GSA-rs115691240,2,187107574,0.10663878499999999,0.10663878499999999,0.024262315,0.0945076275,0.11876994249999999
ilmnseq_1:171223951_ilmndup1,1,171254812,-0.0768552695,-0.0768552695,0.07127863050000001,-0.11249458475000002,-0.041215954250000006
GSA-rs11572293,1,59904089,-0.026771370000000003,-0.026771370000000003,0.004864439999999999,-0.02920359,-0.02433915
ilmnseq_rs746084369,18,51058455,-0.45392499999999997,-0.45392499999999997,0.05510209999999999,-0.48147604999999993,-0.42637395
GSA-rs116277684,2,167050081,0.09311904,0.09311904,0.03959016,0.07332396,0.11291412
rs35665264,11,126015388,-0.44709765,-0.44709765,0.048918550000000005,-0.471556925,-0.422638375
rs7640269,3,71426421,-0.02828235000000001,-0.02828235000000001,0.16527585,-0.11092027500000001,0.05435557499999999
ilmnseq_18:24618738,18,27038774,0.0038965499999999986,0.0038965499999999986,0.21261425,-0.102410575,0.110203675
rs2196051,8,121112062,0.2567477,0.2567477,0.0805739,0.21646074999999998,0.29703465
rs201173033,3,105540085,-0.008757999999999988,-0.008757999999999988,0.3571219,-0.18731894999999998,0.16980295
GSA-rs80228903,1,159083158,-0.13097696,-0.13097696,0.11766724,-0.18981058,-0.07214334
GSA-rs112594518,2,182672508,0.08580067499999999,0.08580067499999999,0.010480015000000002,0.0805606675,0.0910406825
rs143295869,5,162093963,-0.04418941,-0.04418941,0.006830849999999999,-0.047604835,-0.040773985
GSA-rs10906364,10,13376971,-0.174612625,-0.174612625,0.118115975,-0.2336706125,-0.1155546375
GSA-rs9583414,13,109662228,-0.1749365,-0.1749365,0.0393592,-0.19461610000000001,-0.1552569
JHU_6.10534810,6,10534578,0.103043635,0.103043635,0.140841565,0.0326228525,0.1734644175
GSA-rs115683773,4,174204278,0.10676056,0.10676056,0.058563239999999996,0.07747894,0.13604217999999998
GSA-rs11669433,19,31362258,-0.19795095000000001,-0.19795095000000001,0.04995424999999999,-0.222928075,-0.172973825
GSA-rs117980569,10,55130417,-0.060606185,-0.060606185,0.130117415,-0.1256648925,0.0044525225
GSA-rs12642442,4,172763722,0.147889335,0.147889335,0.094729065,0.10052480250000001,0.1952538675
GSA-rs142242477,15,24678973,0.10585727,0.10585727,0.06097043,0.075372055,0.13634248499999999
GSA-rs17467356,19,12239088,0.15302815000000003,0.15302815000000003,0.28721785,0.009419225000000003,0.29663707500000003
GSA-rs17474362,4,52197055,-0.12306845500000001,-0.12306845500000001,0.067345845,-0.1567413775,-0.0893955325
GSA-rs35774237,12,102889721,0.0254175495,0.0254175495,0.029112250500000002,0.010861424250000001,0.03997367475
GSA-rs55637784,3,96059679,0.0006791550000000007,0.0006791550000000007,0.033497495,-0.0160695925,0.017427902500000002
GSA-rs56348732,12,107294030,0.04118743,0.04118743,0.00674224,0.03781631,0.04455855
GSA-rs59689682,10,97247440,-0.102939095,-0.102939095,0.029485205,-0.11768169749999999,-0.0881964925
GSA-rs7067976,10,60523832,-0.009439789999999998,-0.009439789999999998,0.03206006,-0.025469819999999997,0.006590240000000001
GSA-rs72638201,11,36073304,-0.053901305,-0.053901305,0.022170915,-0.06498676249999999,-0.0428158475
GSA-rs76642311,18,25968715,-0.024185549999999993,-0.024185549999999993,0.12887995,-0.088625525,0.04025442500000001
GSA-rs76984124,13,65545463,0.046317948,0.046317948,0.050690691999999996,0.020972602,0.07166329399999999
GSA-rs77608416,20,12989786,0.120018261,0.120018261,0.11880783900000001,0.06061434150000001,0.1794221805
GSA-rs78101975,21,14558142,-0.16087597399999998,-0.16087597399999998,0.151903226,-0.23682758699999998,-0.084924361
GSA-rs7826540,8,3760595,0.010672875,0.010672875,0.028775355000000002,-0.0037148024999999994,0.0250605525
GSA-rs79373207,13,34299901,-0.012911585,-0.012911585,0.042750965,-0.0342870675,0.008463897499999998
GSA-rs79548780,4,121311170,0.136342315,0.136342315,0.059250185000000004,0.1067172225,0.1659674075
GSA-rs79611420,8,96530086,-0.0011681549999999997,-0.0011681549999999997,0.012027785,-0.0071820475,0.004845737500000001
GSA-rs9848567,3,108908441,0.031711899999999994,0.031711899999999994,0.1513864,-0.0439813,0.10740509999999999
rs1029595,7,20775732,0.02594509,0.02594509,0.010130400000000001,0.020879889999999998,0.031010290000000003
GSA-rs11063521,12,5130361,0.056827075000000005,0.056827075000000005,0.018120705000000004,0.0477667225,0.0658874275
GSA-rs11174185,12,61814095,0.208438225,0.208438225,0.163353675,0.1267613875,0.2901150625
GSA-rs114615642,4,159168663,0.041482885000000004,0.041482885000000004,0.08443151500000001,-0.0007328724999999953,0.0836986425
GSA-rs117470660,12,126912440,0.004397449999999997,0.004397449999999997,0.14109395,-0.066149525,0.074944425
GSA-rs117610694,11,73070209,0.12109175500000001,0.12109175500000001,0.036811145,0.1026861825,0.13949732750000002
GSA-rs143929542,2,43509991,-0.008383955,-0.008383955,0.025354405000000003,-0.0210611575,0.0042932475
GSA-rs148469760,5,82913673,-0.17676455000000002,-0.17676455000000002,0.04673755,-0.200133325,-0.153395775
GSA-rs17106706,10,91512695,0.010122105,0.010122105,0.033524855,-0.0066403225,0.0268845325
GSA-rs17825440,14,77694788,-0.105799375,-0.105799375,0.042188224999999996,-0.1268934875,-0.0847052625
GSA-rs2929975,8,133234475,0.17117744000000001,0.17117744000000001,0.12767716,0.10733886000000001,0.23501602000000002
GSA-rs56271447,2,175629343,0.11675084,0.11675084,0.03626736,0.09861716,0.13488452
GSA-rs71308179,3,178330474,0.18290315000000001,0.18290315000000001,0.04308065000000001,0.161362825,0.204443475
GSA-rs74563609,6,24699032,0.17097835,0.17097835,0.03036354999999999,0.155796575,0.186160125
GSA-rs74712999,7,96391635,0.14000790000000002,0.14000790000000002,0.0035169000000000034,0.13824945,0.14176635
GSA-rs7794205,7,26263783,0.027257150000000008,0.027257150000000008,0.09824035,-0.021863024999999994,0.07637732500000001
GSA-rs9565391,13,35585022,0.090598385,0.090598385,0.017941714999999997,0.0816275275,0.0995692425
rs35338671,2,197126017,-0.083594915,-0.083594915,0.011785165,-0.08948749750000001,-0.0777023325
seq-rs114768815,15,25679435,0.24043501,0.24043501,0.24862109,0.116124465,0.364745555
GSA-rs1851002,15,54535310,-0.023418840000000003,-0.023418840000000003,0.11112236,-0.07898002,0.03214233999999999
GSA-rs10881243,1,105078486,-0.033308149999999995,-0.033308149999999995,0.17011375,-0.11836502499999998,0.051748724999999995
GSA-rs7172808,15,73371291,0.01014774195,0.01014774195,0.00987895805,0.005208262925,0.015087220975000001
GSA-rs17095480,14,58976476,0.09809207,0.09809207,0.005130929999999999,0.095526605,0.10065753499999999
GSA-rs76833181,9,31027393,nan,nan,nan,nan,nan
GSA-rs118107189,16,59294587,0.038067453,0.038067453,0.045383626999999996,0.015375639499999998,0.0607592665
GSA-rs113307784,8,106075316,-0.417851965,-0.417851965,0.452519635,-0.6441117825,-0.19159214750000003
GSA-rs76510936,3,74366468,0.191704825,0.191704825,0.142730775,0.12033943750000001,0.2630702125
GSA-rs116379596,1,84859531,-0.047643345000000004,-0.047643345000000004,0.094664055,-0.0949753725,-0.0003113174999999982
rs141450215,7,100419158,-0.012068099999999998,-0.012068099999999998,0.2034164,-0.1137763,0.0896401
ilmnseq_rs6878291_ilmndup1,5,39030605,0.07546751,0.07546751,0.13390269,0.008516164999999992,0.142418855
GSA-rs75118041,13,99202187,-0.06327447,-0.06327447,0.03870073,-0.08262483500000001,-0.043924105000000005
rs7114955,11,29064498,0.05626515,0.05626515,0.03938105,0.036574625,0.075955675
GSA-rs17764966,12,82136031,0.067228385,0.067228385,0.024582255,0.054937257499999996,0.0795195125
GSA-rs17542636,11,92757557,0.05170911,0.05170911,0.08545538999999999,0.008981415,0.094436805
GSA-rs74785350,10,108885553,0.020026539999999995,0.020026539999999995,0.04571778,-0.002832350000000001,0.042885429999999995
GSA-rs45477497,6,57103510,0.134189625,0.134189625,0.107998175,0.0801905375,0.18818871250000002
rs17203403,2,207399266,0.032011305,0.032011305,0.047068955,0.0084768275,0.0555457825
rs6735656,2,201259779,0.0023148000000000057,0.0023148000000000057,0.1237107,-0.05954055,0.06417015000000001
rs116660078,1,63429123,0.06472625,0.06472625,0.16981585,-0.02018167500000001,0.149634175
GSA-rs115554476,5,4129081,0.066753325,0.066753325,0.121403975,0.006051337499999997,0.1274553125
seq-rs61744153.2,2,21005391,-0.3344724,-0.3344724,0.16734459999999998,-0.4181447,-0.25080009999999997
rs17539351,2,168910050,0.10646355499999999,0.10646355499999999,0.021389244999999994,0.0957689325,0.11715817749999999
rs8037429,15,53324712,0.041652499999999995,0.041652499999999995,0.0922281,-0.004461550000000002,0.08776655
GSA-rs74968020,2,16383121,0.006412186,0.006412186,0.015659254,-0.0014174410000000002,0.014241813
ilmnseq_rs2287622.2_F2BT,2,168973818,0.11251604999999999,0.11251604999999999,0.04558105,0.089725525,0.13530657499999998
GSA-rs73310647,5,147071564,-0.11327815,-0.11327815,0.011721050000000004,-0.119138675,-0.107417625
GSA-rs6991779,8,88874402,0.13244544,0.13244544,0.03377606,0.11555741,0.14933347
GSA-rs113875416,12,95973615,-0.01636172,-0.01636172,0.06449317,-0.048608305,0.015884864999999998
rs13162653,5,16187419,0.040795215,0.040795215,0.013141765000000001,0.0342243325,0.0473660975
GSA-rs76131133,12,129026186,-0.095267275,-0.095267275,0.091855925,-0.1411952375,-0.049339312499999996
GSA-rs77235057,7,118255727,0.103002009,0.103002009,0.095669791,0.0551671135,0.1508369045
GSA-rs111441197,13,25603074,-0.04686906,-0.04686906,0.0038277599999999995,-0.04878294,-0.04495518
GSA-rs4403838,12,58045245,0.17211743,0.17211743,0.10226566999999999,0.120984595,0.223250265
GSA-rs117445459,10,71482645,-0.06407285,-0.06407285,0.009598220000000001,-0.06887196000000001,-0.059273740000000005
GSA-rs2991452,13,85307489,-0.056272875,-0.056272875,0.028130995000000002,-0.07033837250000001,-0.042207377500000004
GSA-rs169266,1,168854873,0.13903537,0.13903537,0.07303982999999999,0.102515455,0.175555285
ilmnseq_rs587779602,2,188992885,0.07055202999999999,0.07055202999999999,0.00508347,0.068010295,0.07309376499999999
GSA-rs118109891,9,102585244,-0.0616609947,-0.0616609947,0.0619057053,-0.09261384735,-0.03070814205
GSA-rs74484193,18,70889590,-0.034340625,-0.034340625,0.060213514999999995,-0.0644473825,-0.0042338674999999985
GSA-rs77564430,6,145268128,0.042683725,0.042683725,0.009639545,0.0378639525,0.0475034975
GSA-rs17014147,4,88468323,-0.11887049,-0.11887049,0.13722401,-0.187482495,-0.050258485000000006
GSA-rs117327120,15,89632103,-0.107667345,-0.107667345,0.05476345499999999,-0.13504907249999998,-0.08028561749999999
rs4649981,1,73186666,-0.025242050000000002,-0.025242050000000002,0.13165454999999998,-0.091069325,0.040585225
rs3093986,6,31525644,-0.004908655000000001,-0.004908655000000001,0.066486685,-0.0381519975,0.028334687499999997
GSA-rs11159623,14,83961509,-0.015623384500000002,-0.015623384500000002,0.0236783655,-0.027462567250000004,-0.0037842017500000005
GSA-rs6914238,6,78138380,0.02912882,0.02912882,0.016574520000000002,0.020841560000000002,0.037416080000000004
GSA-rs12094617,1,226671975,0.07665924,0.07665924,0.04543156,0.05394346,0.09937502000000001
GSA-rs10821825,10,50790254,-0.067323725,-0.067323725,0.033714675,-0.0841810625,-0.0504663875
GSA-rs77042157,2,141421924,0.11330542499999999,0.11330542499999999,0.03703407499999999,0.0947883875,0.1318224625
GSA-rs11812317,10,23765917,0.051709569999999996,0.051709569999999996,0.03384993,0.034784604999999996,0.068634535
seq-rs146697994,2,39315343,-0.05287291,-0.05287291,0.11844139000000001,-0.112093605,0.006347784999999995
GSA-rs151284404,3,179136699,-0.244082725,-0.244082725,0.192567775,-0.3403666125,-0.1477988375
GSA-rs113151027,1,204404935,0.2145754,0.2145754,0.019729400000000008,0.2047107,0.2244401
rs115906516,20,45940571,0.14008422,0.14008422,0.22380318,0.028182630000000014,0.25198581000000003
GSA-rs1537999,13,74118784,0.094266965,0.094266965,0.067435235,0.0605493475,0.1279845825
GSA-rs116090587,1,86861285,-0.15848755,-0.15848755,0.046988449999999994,-0.18198177499999998,-0.134993325
GSA-rs33983675,17,27833250,0.0015216850000000018,0.0015216850000000018,0.09429220499999999,-0.0456244175,0.048667787500000004
rs6587640,1,151982754,0.08720084,0.08720084,0.014607960000000003,0.07989686,0.09450482
chr9-139839893,9,136945441,-0.259957775,-0.259957775,0.325869525,-0.4228925375,-0.09702301250000002
GSA-rs17542885,12,102744624,0.035543525,0.035543525,0.004168415000000002,0.0334593175,0.0376277325
exm2270530,6,146331218,0.088240495,0.088240495,0.021636205,0.07742239249999999,0.0990585975
GSA-rs11110408,12,100520934,0.01494949375,0.01494949375,0.014018336250000001,0.007940325625,0.021958661875
GSA-rs11558719,10,72213199,-0.15326109999999998,-0.15326109999999998,0.0340129,-0.17026755,-0.13625465
GSA-rs115805211,3,117794594,0.07129069999999998,0.07129069999999998,0.1868746,-0.022146600000000002,0.16472799999999999
GSA-rs116403627,2,68886261,-0.0012467150000000007,-0.0012467150000000007,0.013117175,-0.007805302500000001,0.005311872499999999
GSA-rs117183987,19,36376746,0.031396534000000004,0.031396534000000004,0.024134986,0.019329040999999998,0.043464027
GSA-rs16883838,6,90973392,0.125329895,0.125329895,0.139637505,0.05551114250000001,0.1951486475
GSA-rs16972879,13,108645270,-0.001198765000000001,-0.001198765000000001,0.041346485,-0.0218720075,0.019474477499999997
GSA-rs458093,20,15607469,0.087863745,0.087863745,0.011921624999999998,0.0819029325,0.0938245575
GSA-rs4747947,10,11822275,-0.017498155,-0.017498155,0.043739925,-0.0393681175,0.004371807500000002
GSA-rs57284288,4,45199354,-0.1412137,-0.1412137,0.029649100000000005,-0.15603825000000002,-0.12638915
GSA-rs62017685,16,6885436,-0.058791615000000005,-0.058791615000000005,0.033096085,-0.0753396575,-0.0422435725
GSA-rs72642329,13,95010483,-0.079360135,-0.079360135,0.057826564999999996,-0.1082734175,-0.0504468525
GSA-rs72918856,2,175683840,-0.0036860349999999972,-0.0036860349999999972,0.060532755,-0.0339524125,0.026580342500000003
GSA-rs73206837,8,16251867,-0.17746335,-0.17746335,0.007867650000000004,-0.181397175,-0.173529525
GSA-rs78038789,5,110076523,0.04653852,0.04653852,0.007905820000000001,0.042585609999999996,0.050491430000000004
GSA-rs78395048,18,52845993,-0.20312560000000002,-0.20312560000000002,0.04086050000000001,-0.22355585,-0.18269535
GSA-rs78640649,13,81304230,0.02231881,0.02231881,0.04956282,-0.002462599999999999,0.04710022
GSA-rs78847106,1,121569869,0.035146575,0.035146575,0.064318425,0.0029873625,0.06730578749999999
GSA-rs78997808,9,113571320,-0.014527209,-0.014527209,0.024029191,-0.0265418045,-0.0025126134999999983
GSA-rs79633412,3,107090518,0.10994667,0.10994667,0.16486323,0.027515054999999997,0.19237828499999998
rs1353295,4,74463405,-0.04177875,-0.04177875,0.014388040000000001,-0.04897277,-0.03458473
GSA-rs72687772,4,181917506,-0.070341785,-0.070341785,0.029012025,-0.0848477975,-0.0558357725
4:89126807-C-G,4,88205655,-0.13452204,-0.13452204,0.06005566,-0.16454987,-0.10449421
GSA-rs116640572,3,153415122,0.14041065,0.14041065,0.004446050000000007,0.13818762499999998,0.14263367500000002
GSA-rs117344780,17,66122641,0.22447404999999998,0.22447404999999998,0.10340694999999998,0.17277057499999998,0.276177525
GSA-rs118055218,6,170515072,-0.08995205,-0.08995205,0.010748749999999994,-0.09532642499999999,-0.084577675
GSA-rs11855262,15,74430977,0.088373955,0.088373955,0.076518845,0.0501145325,0.1266333775
GSA-rs12739350,1,72701315,0.08134039500000001,0.08134039500000001,0.055930605,0.0533750925,0.10930569750000001
GSA-rs2290741,4,37847383,-0.07557304499999999,-0.07557304499999999,0.08969195499999999,-0.1204190225,-0.030727067500000003
GSA-rs6083827,20,25389176,0.074105211,0.074105211,0.071867389,0.0381715165,0.1100389055
GSA-rs74547566,5,163769020,-0.03666739,-0.03666739,0.01957325,-0.046454015,-0.026880765
GSA-rs74665800,8,124102791,0.030246846999999997,0.030246846999999997,0.038164082999999994,0.011164805499999998,0.0493288885
GSA-rs77337846,15,47863219,0.09018831,0.09018831,0.059282789999999995,0.060546915,0.119829705
GSA-rs78391783,3,149620981,0.107429475,0.107429475,0.079156125,0.0678514125,0.1470075375
GSA-rs78457313,16,47941863,-0.108260435,-0.108260435,0.030718165000000006,-0.1236195175,-0.0929013525
GSA-rs7947411,11,79716618,0.40600055,0.40600055,0.04844575000000001,0.38177767500000004,0.430223425
ilmnseq_rs7792118_ilmndup1,7,7978850,-0.025915000000000007,-0.025915000000000007,0.1280902,-0.08996010000000002,0.0381301
GSA-rs55953520,2,142769247,0.05914216,0.05914216,0.0028115499999999995,0.057736385,0.060547935000000004
GSA-rs77350958,6,165514049,0.13432655,0.13432655,0.0066794499999999896,0.130986825,0.137666275
GSA-rs9594865,13,43024276,0.048225000000000004,0.048225000000000004,0.0783804,0.009034800000000003,0.0874152
rs2596536,6,31480071,0.131050355,0.131050355,0.040373845,0.1108634325,0.1512372775
GSA-rs72675600,1,56212460,0.033076848,0.033076848,0.040041732,0.013055982,0.053097714000000004
rs61757218,6,38938181,0.0334890615,0.0334890615,0.0314676185,0.017755252250000002,0.04922287075
GSA-rs9828728,3,174849954,0.13713035,0.13713035,0.05132565000000001,0.111467525,0.162793175
GSA-rs1517773,2,76824095,0.07225584000000002,0.07225584000000002,0.17179206,-0.013640189999999996,0.15815187000000003
GSA-rs7804690,7,96212691,0.0712272,0.0712272,0.02632435,0.058065025,0.084389375
rs6531216,2,20174525,-0.04673663,-0.04673663,0.06022527,-0.076849265,-0.016623995
rs2828061,21,23323083,0.114523245,0.114523245,0.028865854999999996,0.1000903175,0.1289561725
GSA-rs72772174,5,86098022,0.015503670000000002,0.015503670000000002,0.04218669,-0.005589674999999999,0.036597015000000004
GSA-rs118030510,7,111854957,-0.063748445,-0.063748445,0.027626394999999998,-0.0775616425,-0.0499352475
GSA-rs117701887,15,31251525,-0.0350114,-0.0350114,0.0691899,-0.06960635,-0.00041644999999999877
GSA-rs116383510,5,2545536,0.1825255,0.1825255,0.0762615,0.14439475,0.22065625
rs17513503,5,110810746,-0.300227,-0.300227,0.1232293,-0.36184165,-0.23861235
rs404477,3,41061754,0.06755821,0.06755821,0.0032914,0.06591251,0.06920391
GSA-rs78602068,10,118115202,0.046561135000000003,0.046561135000000003,0.062908165,0.015107052500000002,0.07801521750000001
GSA-rs117175601,18,55302470,-0.2012905,-0.2012905,0.0803789,-0.24147995,-0.16110105
GSA-rs112816674,14,33177071,0.069816439,0.069816439,0.068045761,0.035793558499999996,0.1038393195
GSA-rs10910157,1,233404535,0.12798914,0.12798914,0.02929856,0.11333986,0.14263842
GSA-rs76378494,11,42845788,0.07123559,0.07123559,0.06427781,0.039096685000000006,0.10337449500000001
rs10414321,19,28925979,0.03685314,0.03685314,0.01854631,0.027579985,0.046126295
GSA-rs9526777,13,51523823,-0.2162711,-0.2162711,0.05744959999999999,-0.2449959,-0.1875463
rs17085526,6,154555370,0.04950412999999999,0.04950412999999999,0.07936997,0.009819144999999998,0.08918911499999999
rs11209718,1,41223266,0.058766185,0.058766185,0.117153815,0.00018927749999999438,0.1173430925
rs12212415,6,149740823,-0.26938039999999996,-0.26938039999999996,0.1256478,-0.3322043,-0.20655649999999998
rs1509657,4,48210994,-0.09857999499999999,-0.09857999499999999,0.036203004999999996,-0.11668149749999998,-0.0804784925
rs35479711,14,71942050,0.02759748,0.02759748,0.11421872,-0.029511880000000004,0.08470684
GSA-rs4145247,12,75965635,0.04975077,0.04975077,0.030809149999999997,0.034346194999999996,0.06515534499999999
GSA-rs744436,6,82878510,-0.02005192,-0.02005192,0.07409443,-0.057099135,0.016995295
rs629444,6,25885586,0.09460373999999999,0.09460373999999999,0.04789635999999999,0.07065556,0.11855191999999999
rs2413045,22,31269876,-0.064476265,-0.064476265,0.058347735000000005,-0.09365013250000001,-0.0353023975
rs9963612,18,60097229,-0.22191535,-0.22191535,0.10935045,-0.276590575,-0.167240125
ilmnseq_3:133703660_ilmndup1,3,133984816,0.0161192,0.0161192,0.1808495,-0.07430555,0.10654395
GSA-rs74826723,6,116532821,0.109978265,0.109978265,0.03782553500000001,0.09106549750000001,0.1288910325
GSA-rs76219649,1,180682916,0.1915681,0.1915681,0.0576574,0.16273939999999998,0.2203968
rs669759,2,134533564,0.14197484999999999,0.14197484999999999,0.007481749999999995,0.138233975,0.145715725
ilmnseq_rs587782161,13,32339933,-0.09277646499999999,-0.09277646499999999,0.069946835,-0.1277498825,-0.057803047499999996
GSA-rs11196917,10,114797321,-0.06873882,-0.06873882,0.02631773,-0.081897685,-0.055579955
seq-rs147147532.1,11,119187958,0.168316905,0.168316905,0.13093819499999998,0.1028478075,0.23378600249999998
rs1403694,3,186722209,0.06111305,0.06111305,0.16873915,-0.023256525,0.145482625
GSA-rs114246171,3,5128362,-0.15836420499999998,-0.15836420499999998,0.081001595,-0.1988650025,-0.11786340749999999
GSA-rs114901153,5,163858808,-0.07698060500000001,-0.07698060500000001,0.003505995000000005,-0.0787336025,-0.0752276075
GSA-rs17124559,12,50242135,0.04391573,0.04391573,0.08711366999999999,0.00035889499999999797,0.087472565
GSA-rs35531014,22,41136021,-0.072177115,-0.072177115,0.019202225000000003,-0.0817782275,-0.0625760025
GSA-rs61304639,15,33401223,0.013452898000000001,0.013452898000000001,0.021191942000000002,0.0028569270000000013,0.024048869
rs5750715,22,38947911,0.03794101999999999,0.03794101999999999,0.13495278,-0.029535370000000005,0.10541740999999999
rs17647543,1,109421983,-0.004858680000000004,-0.004858680000000004,0.07273694,-0.041227150000000004,0.031509789999999996
GSA-rs6713851,2,200435805,0.20164922000000002,0.20164922000000002,0.23300238,0.08514803000000001,0.31815041
GSA-rs55679738,14,61228649,0.079990205,0.079990205,0.130860095,0.014560157500000004,0.14542025249999999
GSA-rs4940942,18,60465656,-0.08003711499999999,-0.08003711499999999,0.129398285,-0.1447362575,-0.015337972499999998
GSA-rs7959730,12,97102149,0.13994105,0.13994105,0.038242349999999994,0.120819875,0.159062225
rs34517439,1,77984833,0.04084003,0.04084003,0.06501707,0.008331494999999998,0.073348565
rs375064902,13,32340210,-0.19935515,-0.19935515,0.09260765000000001,-0.245658975,-0.15305132500000002
GSA-rs7913179,10,97705109,-0.10405165999999999,-0.10405165999999999,0.03453094,-0.12131713,-0.08678619
rs2449529,8,97773295,0.03797147,0.03797147,0.09780433,-0.010930695000000004,0.086873635
GSA-13:72116886,13,71542754,0.09220795000000001,0.09220795000000001,0.24045425,-0.028019174999999993,0.21243507500000003
GSA-rs7960599,12,3546953,0.14585935,0.14585935,0.031431850000000004,0.130143425,0.16157527500000002
rs16833177,2,191022906,0.060907635,0.060907635,0.048953764999999996,0.0364307525,0.0853845175
GSA-rs17074954,8,5821747,-0.015152450000000012,-0.015152450000000012,0.15777605,-0.09404047500000001,0.06373557499999999
GSA-rs17068251,6,107506549,0.078800965,0.078800965,0.056648735000000006,0.0504765975,0.1071253325
GSA-rs2488675,10,29612541,-0.125889235,-0.125889235,0.139024965,-0.1954017175,-0.0563767525
GSA-rs17026167,1,216139548,0.16043629,0.16043629,0.08602610999999999,0.117423235,0.203449345
GSA-rs1377390,2,206890643,-0.11742285,-0.11742285,0.009000449999999993,-0.12192307499999999,-0.112922625
rs997277,2,188886137,0.095493205,0.095493205,0.151591695,0.0196973575,0.17128905249999998
GSA-rs111606120,8,107730999,0.09612100000000001,0.09612100000000001,0.1968257,-0.002291849999999998,0.19453385
GSA-rs34169461,20,6716515,0.37665360000000003,0.37665360000000003,0.11327309999999999,0.32001705,0.43329015
rs3095340,6,30759162,0.086373935,0.086373935,0.0011232250000000055,0.0858123225,0.0869355475
GSA-rs6553727,4,173765307,0.12529836,0.12529836,0.09277804,0.07890934,0.17168738
GSA-rs11599580,10,125029145,0.01363216,0.01363216,0.02921483,-0.0009752549999999995,0.028239575000000003
GSA-rs4728401,7,136556437,0.1336808,0.1336808,0.1940381,0.03666174999999999,0.23069984999999998
GSA-rs11933864,4,134884775,0.182765125,0.182765125,0.251372575,0.05707883749999999,0.3084514125
rs702553,5,60440946,-0.0536233655,-0.0536233655,0.0574821345,-0.08236443275,-0.024882298249999997
rs13376700,1,51011971,-0.2101285,-0.2101285,0.07664910000000001,-0.24845305,-0.17180395
GSA-rs7907021,10,66288438,0.061741955,0.061741955,0.09282314500000001,0.015330382500000003,0.10815352750000001
rs85024,20,46593712,0.15474415,0.15474415,0.04951595,0.12998617499999998,0.179502125
DUP-BRCA2-chr13-32911683,13,32337546,0.096882405,0.096882405,0.0014515750000000033,0.0961566175,0.0976081925
CHEK2-chr22-29105993,22,28710005,0.013386707,0.013386707,0.009593632999999999,0.008589890499999999,0.0181835235
ilmnseq_3:133703660,3,133984816,-0.027746599999999996,-0.027746599999999996,0.19101010000000002,-0.12325164999999999,0.06775845
GSA-rs114671823,6,44415185,0.07330331,0.07330331,0.002374290000000001,0.072116165,0.074490455
GSA-rs117784827,15,26965993,0.21322585,0.21322585,0.041416850000000005,0.192517425,0.233934275
GSA-rs72744256,5,38681879,0.130176125,0.130176125,0.039047475,0.1106523875,0.1496998625
GSA-rs17081351,4,32416122,0.023912142499999997,0.023912142499999997,0.0324854475,0.00766941875,0.04015486625
GSA-rs76384050,12,60257937,0.27902056,0.27902056,0.24183224,0.15810444,0.39993668
GSA-rs75046013,16,75372570,-0.090610265,-0.090610265,0.055409934999999993,-0.11831523249999999,-0.0629052975
GSA-rs115066694,3,154975257,0.16437358999999999,0.16437358999999999,0.07619110999999999,0.126278035,0.202469145
GSA-rs117708332,12,46567761,0.11570785,0.11570785,0.00753235,0.11194167499999999,0.119474025
GSA-rs35824436,14,39603168,-0.024755729999999997,-0.024755729999999997,0.11874156999999999,-0.084126515,0.034615055000000006
GSA-rs7838601,8,84722617,0.2013111,0.2013111,0.0032382999999999995,0.19969195,0.20293024999999998
GSA-rs302312,12,29818483,-0.016481910000000002,-0.016481910000000002,0.04046175,-0.036712785,0.003748965
GSA-rs117517116,1,187079342,-0.0358880055,-0.0358880055,0.0402626245,-0.05601931775,-0.01575669325
chr6-82900893,6,82191176,-0.115731,-0.115731,0.2020835,-0.21677275000000001,-0.014689250000000001
GSA-rs116570056,6,12548051,0.1039382,0.1039382,0.08318489999999999,0.06234574999999999,0.14553064999999998
ilmnseq_15:58286500_ilmndup1,15,57994302,0.103696165,0.103696165,0.144682535,0.0313548975,0.1760374325
rs3219090,1,226376990,0.06394401999999999,0.06394401999999999,0.10925018,0.009318930000000003,0.11856910999999999
exm2264209,6,116199185,0.077076222,0.077076222,0.084156378,0.034998033000000005,0.119154411
exm2262533,8,77949360,0.1969398,0.1969398,0.012135000000000007,0.1908723,0.2030073
GSA-rs72935739,6,107061805,-0.27765807,-0.27765807,0.21844803000000002,-0.386882085,-0.168434055
rs12473708,2,212050915,0.06300243,0.06300243,0.07897327000000001,0.023515795000000006,0.102489065
exm2271645,11,113178565,-0.011739959999999997,-0.011739959999999997,0.06349755,-0.043488734999999994,0.020008815
GSA-rs73587485,6,147634796,-0.0670515,-0.0670515,0.08100059999999999,-0.1075518,-0.026551199999999997
GSA-rs188087283,17,30162722,0.15026474,0.15026474,0.06367186,0.11842881,0.18210067000000002
GSA-rs203590,14,27322944,0.022245429999999997,0.022245429999999997,0.06669546,-0.011102300000000002,0.055593159999999996
GSA-rs9591243,13,49185491,0.022058070000000003,0.022058070000000003,0.0340891,0.005013520000000002,0.039102620000000005
GSA-rs114124071,4,14857586,-0.006856649999999992,-0.006856649999999992,0.12966775,-0.07169052499999999,0.05797722500000001
rs663599,13,20984315,-0.13178306,-0.13178306,0.034347340000000004,-0.14895673,-0.11460939
GSA-rs11898833,2,174014350,-0.040935131500000006,-0.040935131500000006,0.0471709685,-0.06452061575000001,-0.01734964725
GSA-rs2813875,1,23624624,-0.0025711700000000046,-0.0025711700000000046,0.06924148,-0.03719191000000001,0.03204957
GSA-rs78755044,1,240272921,-0.030889885,-0.030889885,0.003615475,-0.032697622499999995,-0.0290821475
GSA-rs7962117,12,97525274,0.0428898,0.0428898,0.0027370599999999995,0.04152127,0.04425833
rs206768,6,32993610,0.1522058,0.1522058,0.029813599999999996,0.137299,0.1671126
rs35961416,8,127201316,0.22106523,0.22106523,0.14879896999999997,0.146665745,0.295464715
rs6597604,9,133174393,-0.118460655,-0.118460655,0.10188904500000001,-0.1694051775,-0.0675161325
GSA-rs75890569,2,227251675,0.0044618015,0.0044618015,0.0071561885000000006,0.0008837072499999999,0.00803989575
GSA-rs2230804,10,100218126,0.0344172,0.0344172,0.04759683,0.010618785,0.058215615
chr2-84913608,2,84686484,-0.069054685,-0.069054685,0.004830504999999999,-0.0714699375,-0.06663943250000001
GSA-rs76223550,10,14544521,-0.16043165,-0.16043165,0.010780449999999997,-0.165821875,-0.155041425
GSA-rs116595122,3,102253662,0.015647844999999997,0.015647844999999997,0.057563265,-0.0131337875,0.044429477499999995
GSA-rs55992555,2,13821875,0.010029240000000002,0.010029240000000002,0.06914691,-0.024544214999999994,0.044602695
GSA-rs74401827,5,59402446,-0.23406815,-0.23406815,0.03998165000000001,-0.254058975,-0.21407732499999998
GSA-rs77424358,18,11389173,-0.03873117,-0.03873117,0.01013711,-0.043799725,-0.033662615
GSA-rs80223363,6,162812377,0.10441174,0.10441174,0.056996059999999994,0.07591371,0.13290976999999998
ilmnseq_4:106736515_ilmndup1,4,105815358,-0.087298245,-0.087298245,0.068531555,-0.1215640225,-0.0530324675
GSA-rs74982319,11,19770670,0.02539765,0.02539765,0.01341018,0.01869256,0.032102740000000005
rs7625960,3,121883775,-0.145328795,-0.145328795,0.050707905000000005,-0.1706827475,-0.1199748425
GSA-rs74974257,1,243343791,0.198619245,0.198619245,0.12598775499999998,0.13562536749999998,0.2616131225
GSA-rs79383641,20,15296426,0.19421101999999998,0.19421101999999998,0.14848818,0.11996693,0.26845511
GSA-rs72727259,5,9348203,0.07351313,0.07351313,0.11305217,0.016987045,0.13003921499999999
GSA-rs78897397,9,3272776,0.11503392999999999,0.11503392999999999,0.08317577,0.073446045,0.156621815
GSA-rs78731672,3,32389474,0.0157013085,0.0157013085,0.0252803115,0.0030611527500000006,0.028341464250000004
ilmnseq_22:46571620_ilmndup1,22,46175723,-0.7100063,-0.7100063,0.3405406999999999,-0.8802766499999999,-0.53973595
GSA-rs10897048,11,60332421,0.026986900000000008,0.026986900000000008,0.1409524,-0.043489299999999995,0.09746310000000001
GSA-rs2678420,11,91611186,0.14692814,0.14692814,0.11015906,0.09184861,0.20200767000000003
GSA-rs3782141,12,11771253,0.029045170000000002,0.029045170000000002,0.00513333,0.026478505,0.031611835
GSA-rs2433433,11,86741359,0.23663355,0.23663355,0.00898294999999999,0.232142075,0.241125025
GSA-rs72908840,1,51071699,-0.04907382,-0.04907382,0.03758239,-0.067865015,-0.030282625
GSA-rs10844844,12,34227415,0.099479655,0.099479655,0.173183745,0.0128877825,0.1860715275
GSA-rs62014181,15,63678969,-0.0074407000000000015,-0.0074407000000000015,0.1062527,-0.06056705,0.045685649999999994
GSA-rs80204191,10,119265664,-0.09944807,-0.09944807,0.04536693,-0.122131535,-0.076764605
rs148609307,16,69339533,0.040429745,0.040429745,0.068510955,0.0061742675,0.07468522250000001
rs2653884,1,50392415,0.025263110000000005,0.025263110000000005,0.05052513,5.450000000011002e-07,0.050525675000000006
rs495366,11,102824377,0.059710505000000004,0.059710505000000004,0.125781095,-0.0031800424999999938,0.1226010525
rs12498138,3,121740742,0.0621854,0.0621854,0.180921,-0.028275099999999997,0.1526459
rs9835332,3,56633654,-0.20175425000000002,-0.20175425000000002,0.08605635000000002,-0.24478242500000003,-0.15872607500000002
GSA-rs77477499,1,238736762,0.035620360000000004,0.035620360000000004,0.07448644,-0.0016228599999999968,0.07286358000000001
rs79769402,2,15474318,-0.05046446499999999,-0.05046446499999999,0.115942235,-0.10843558249999999,0.007506652500000002
rs6844379,4,17855178,-0.11267103,-0.11267103,0.019333670000000004,-0.122337865,-0.10300419499999999
GSA-rs74627650,1,56229502,-0.084865695,-0.084865695,0.009164455000000002,-0.0894479225,-0.08028346750000001
GSA-rs117851066,19,49058920,-0.16215186999999998,-0.16215186999999998,0.23611132999999998,-0.28020753499999995,-0.044096205
GSA-rs116315854,2,79740905,0.005435055000000001,0.005435055000000001,0.038172025,-0.013650957499999998,0.0245210675
GSA-rs7993501,13,93746727,-0.07290579999999999,-0.07290579999999999,0.010543809999999997,-0.078177705,-0.067633895
GSA-rs2609500,1,181301096,0.11500609,0.11500609,0.08255471,0.073728735,0.15628344500000002
GSA-rs2826580,21,20876184,-0.04363297,-0.04363297,0.0012371200000000013,-0.04425153,-0.04301441
10:135339829_CNV_CYP2E1_ilmndup1,10,133526325,-0.22322234999999999,-0.22322234999999999,0.09530205,-0.27087337499999997,-0.175571325
rs7936660,11,63720003,-0.07232559999999999,-0.07232559999999999,0.1889499,-0.16680055,0.022149349999999998
rs2851447,12,123180566,-0.07794140000000002,-0.07794140000000002,0.1853949,-0.17063885,0.014756049999999993
rs4793018,17,43703701,0.0746077,0.0746077,0.01828652,0.06546444,0.08375096
GSA-rs17347121,5,117702960,-0.036180265,-0.036180265,0.010129385000000001,-0.0412449575,-0.0311155725
GSA-rs3759000,11,118264734,-0.065453588,-0.065453588,0.064303512,-0.09760534399999998,-0.033301831999999996
GSA-rs6677202,1,34283044,-0.022364165000000002,-0.022364165000000002,0.035845815,-0.0402870725,-0.004441257500000002
GSA-rs73108304,7,33879166,0.11775652,0.11775652,0.10195747999999999,0.06677778,0.16873526
GSA-rs766856,7,32118099,0.27009295,0.27009295,0.030188949999999992,0.254998475,0.285187425
GSA-rs77785118,3,160862406,0.169442,0.169442,0.010908100000000004,0.16398795,0.17489605000000003
rs10832020,11,13299796,0.20385735,0.20385735,0.05880615,0.174454275,0.233260425
GSA-rs79876945,3,77489320,0.1811165,0.1811165,0.025665200000000013,0.1682839,0.1939491
GSA-rs11253185,10,5453194,-0.002669409999999999,-0.002669409999999999,0.0323784,-0.018858609999999998,0.01351979
rs72804398,10,21827846,0.0169156515,0.0169156515,0.0243897385,0.004720782249999999,0.02911052075
GSA-rs117712517,11,39258889,-0.09935742,-0.09935742,0.03421798,-0.11646641,-0.08224843000000001
GSA-rs35673723,13,42887426,-0.15184419999999998,-0.15184419999999998,0.0243211,-0.16400475,-0.13968365
GSA-rs11004894,10,55506819,0.158100595,0.158100595,0.115956305,0.10012244249999999,0.2160787475
rs4766578,12,111466567,0.14469620500000002,0.14469620500000002,0.113093595,0.0881494075,0.20124300250000002
GSA-rs72881517,1,15413505,0.000271270000000004,0.000271270000000004,0.06679195,-0.033124705,0.033667245000000005
ilmnseq_1:98263561,1,97798005,-0.149391495,-0.149391495,0.197832305,-0.2483076475,-0.050475342500000006
GSA-rs35246538,9,87991736,0.013422950000000003,0.013422950000000003,0.13666625,-0.054910175000000006,0.08175607500000001
GSA-rs114869401,5,88153338,-0.12848684,-0.12848684,0.04853996000000001,-0.15275682000000002,-0.10421686
GSA-rs79997286,1,45776258,0.045567485,0.045567485,0.034298934999999996,0.028418017499999997,0.06271695249999999
GSA-rs115030457,3,21567756,0.02472646,0.02472646,0.10256483999999999,-0.026555960000000003,0.07600888
GSA-rs1391187,4,143621946,0.08210812,0.08210812,0.03158968,0.06631328,0.09790296
rs2505674,6,2355572,-0.01882162,-0.01882162,0.05013008000000001,-0.04388666,0.0062434199999999995
GSA-rs114214638,15,67103283,-0.102189865,-0.102189865,0.080050935,-0.1422153325,-0.0621643975
GSA-rs117399275,10,66221572,0.010012304999999999,0.010012304999999999,0.097515795,-0.0387455925,0.0587702025
GSA-rs145587069,13,99802711,-0.139202505,-0.139202505,0.121474495,-0.19993975249999998,-0.0784652575
GSA-rs17390316,1,63087637,0.05098681499999999,0.05098681499999999,0.082215185,0.0098792225,0.09209440749999999
GSA-rs17414871,18,9323755,-0.034185545,-0.034185545,0.049235904999999996,-0.058803497499999996,-0.009567592499999998
GSA-rs182255942,15,72090469,-0.018112374999999997,-0.018112374999999997,0.049202214999999994,-0.0427134825,0.006488732500000004
GSA-rs3130602,6,33004430,0.099839495,0.099839495,0.012541604999999997,0.0935686925,0.1061102975
GSA-rs3850283,14,36447315,0.044197265,0.044197265,0.030616455,0.0288890375,0.0595054925
GSA-rs73088494,7,20404910,-0.021897159000000003,-0.021897159000000003,0.013639991,-0.0287171545,-0.0150771635
GSA-rs74677647,4,42998246,-0.160764545,-0.160764545,0.086665455,-0.2040972725,-0.11743181750000001
GSA-rs76049236,6,155483316,-0.047359185,-0.047359185,0.028338614999999998,-0.0615284925,-0.0331898775
GSA-rs7896486,10,76813003,0.03042458,0.03042458,0.015055980000000002,0.02289659,0.037952570000000005
rs55777016,2,124170264,0.08451081499999999,0.08451081499999999,0.0006202449999999984,0.0842006925,0.0848209375
GSA-rs141320744,10,58602229,0.023803649999999996,0.023803649999999996,0.14003185,-0.046212275,0.09381957499999999
GSA-rs16834337,1,164747912,0.06466123,0.06466123,0.015033829999999998,0.057144315,0.072178145
ilmnseq_rs1867283_ilmndup1,9,84835851,-0.2408614,-0.2408614,0.0911953,-0.28645905,-0.19526374999999999
rs1842399,6,32785536,-0.05958436,-0.05958436,0.07956814000000001,-0.09936843000000001,-0.019800290000000005
GSA-rs62371184,5,115572950,-0.03735821,-0.03735821,0.027257740000000003,-0.050987080000000004,-0.02372934
GSA-rs150268064,13,55348027,-0.026344946,-0.026344946,0.019345844,-0.036017868,-0.016672024
GSA-rs60164976,18,58522810,-0.1778134,-0.1778134,0.015691499999999997,-0.18565915,-0.16996765000000003
GSA-rs72729097,9,90907431,-0.1638034,-0.1638034,0.050385,-0.1889959,-0.1386109
GSA-rs72846727,11,1909891,-0.17218975,-0.17218975,0.07414504999999999,-0.209262275,-0.135117225
GSA-rs74682344,8,129750370,0.16786525000000002,0.16786525000000002,0.039489449999999995,0.148120525,0.187609975
GSA-rs76453161,15,55587514,0.023994360000000003,0.023994360000000003,0.04105143,0.0034686449999999994,0.044520075000000006
rs4325907,3,102030178,0.056323132,0.056323132,0.065158568,0.023743847999999998,0.088902416
GSA-rs117211036,13,55071379,0.01887333755,0.01887333755,0.019375872449999998,0.009185401324999998,0.028561273775
rs141735624,6,108074431,-0.094804695,-0.094804695,0.167691105,-0.1786502475,-0.010959142500000005
rs961764,6,117200993,0.09033195499999999,0.09033195499999999,0.023148245000000005,0.0787578325,0.1019060775
GSA-rs117826205,10,19168458,-0.050158965,-0.050158965,0.016231685,-0.0582748075,-0.042043122499999995
GSA-rs35477966,8,101639539,0.09681241,0.09681241,0.01981729,0.086903765,0.10672105500000001
rs2307561,18,26923543,0.115876285,0.115876285,0.166445115,0.0326537275,0.19909884249999998
rs12291617,11,56318823,0.098504965,0.098504965,0.000519165000000002,0.0982453825,0.0987645475
rs9285425,6,117550673,0.00951527,0.00951527,0.07618992999999999,-0.028579695000000002,0.047610235
rs929160,6,29739016,0.07663346500000001,0.07663346500000001,0.032728235,0.0602693475,0.09299758250000001
ilmnseq_rs80359477_ilmndup2,13,32339386,-0.038913,-0.038913,0.007317889999999997,-0.042571945,-0.035254055
ilmnseq_22:46571620,22,46175723,-0.6936317,-0.6936317,0.26870069999999996,-0.8279820499999999,-0.55928135
GSA-rs142025687,15,72926607,-0.07272142000000001,-0.07272142000000001,0.06857188,-0.10700736000000001,-0.03843548
GSA-rs73462848,7,145929696,0.18312984499999999,0.18312984499999999,0.15762205499999998,0.10431881750000001,0.2619408725
rs992507,16,73755291,-0.07324672,-0.07324672,0.09913498,-0.12281421000000001,-0.02367923
GSA-rs78074877,13,37992189,-0.12842974000000001,-0.12842974000000001,0.03369076,-0.14527512,-0.11158436
GSA-rs117382617,9,137997366,-0.039354555,-0.039354555,0.073728545,-0.0762188275,-0.002490282500000003
rs200986202,13,37579287,0.06978073500000001,0.06978073500000001,0.049510665,0.045025402500000006,0.0945360675
GSA-rs75837024,2,48536194,-0.1534957835,-0.1534957835,0.1546689165,-0.23083024175,-0.07616132525
GSA-rs1498319,1,33218500,-0.04652912,-0.04652912,0.05745378,-0.07525601,-0.017802230000000002
GSA-rs1185837,14,35459630,0.00591765,0.00591765,0.02407856,-0.006121629999999999,0.01795693
GSA-rs117004796,6,78908849,-0.0474044,-0.0474044,0.1522293,-0.12351904999999999,0.028710249999999993
GSA-rs7359,4,16162866,-0.071269815,-0.071269815,0.020577005,-0.08155831749999999,-0.060981312499999996
GSA-rs75380877,12,77912392,-0.134965805,-0.134965805,0.11972079499999999,-0.1948262025,-0.0751054075
rs13269603,8,22631237,0.02605776,0.02605776,0.03903208,0.006541719999999999,0.0455738
GSA-rs117334896,14,20192581,0.106026495,0.106026495,0.04812960499999999,0.08196169249999999,0.13009129749999998
GSA-rs117421372,14,41063047,-0.065644224,-0.065644224,0.057659976,-0.094474212,-0.036814236
GSA-rs7541743,1,164380409,0.037735905,0.037735905,0.12686429500000002,-0.025696242499999994,0.1011680525
GSA-rs12522360,5,121267999,-0.1600257,-0.1600257,0.008806599999999998,-0.164429,-0.1556224
GSA-rs9898298,17,56667138,0.032651229999999996,0.032651229999999996,0.0023051999999999986,0.03149863,0.03380383
GSA-rs73177359,8,4397998,-0.00958531,-0.00958531,0.0843414,-0.05175601,0.03258539
GSA-rs10149848,14,72388454,-0.1446812,-0.1446812,0.0329118,-0.1611371,-0.12822530000000001
GSA-rs10835189,11,27520448,-0.011983905999999999,-0.011983905999999999,0.0076771439999999995,-0.015822478,-0.008145334
GSA-rs11247856,1,26103387,-0.010900014999999999,-0.010900014999999999,0.027232595,-0.024516312499999998,0.0027162825
GSA-rs12126758,1,147604909,0.023597779500000002,0.023597779500000002,0.027551570500000004,0.00982199425,0.037373564750000005
GSA-rs17092746,14,48359832,0.013836249,0.013836249,0.011305681,0.0081834085,0.0194890895
GSA-rs2282029,1,234565122,0.103461345,0.103461345,0.033607454999999994,0.0866576175,0.12026507249999999
GSA-rs4751881,10,122256114,-0.08050824000000001,-0.08050824000000001,0.00838655,-0.084701515,-0.076314965
GSA-rs6901395,6,88722643,0.15151905,0.15151905,0.010005250000000007,0.146516425,0.156521675
GSA-rs76144165,1,40103804,-0.01634897,-0.01634897,0.04801619,-0.040357065000000004,0.007659125000000003
GSA-rs9553821,13,26447396,-0.039460405000000004,-0.039460405000000004,0.0005798349999999973,-0.0397503225,-0.039170487500000004
rs11576175,1,150754918,0.077389595,0.077389595,0.015754714999999996,0.0695122375,0.08526695249999999
rs1418973,1,210820997,0.116133555,0.116133555,0.049323845000000005,0.0914716325,0.1407954775
rs1896296,2,60496952,0.003646980000000001,0.003646980000000001,0.04881676,-0.0207614,0.02805536
rs632422,6,80505841,0.0807562,0.0807562,0.1200128,0.0207498,0.14076260000000002
rs6755681,2,133081886,0.025666595,0.025666595,0.039164304999999996,0.006084442499999999,0.0452487475
rs7579125,2,20449729,0.053084913000000004,0.053084913000000004,0.04381855700000001,0.0311756345,0.0749941915
GSA-rs6982066,8,16110804,-0.085152295,-0.085152295,0.033120105,-0.1017123475,-0.0685922425
GSA-rs35187337,18,57174527,-0.052837565,-0.052837565,0.024801245000000003,-0.0652381875,-0.0404369425
GSA-rs17153937,7,80438471,0.007922718499999998,0.007922718499999998,0.011571641499999999,0.00213689775,0.013708539249999999
rs3782958,13,95141617,-0.13425984,-0.13425984,0.09803885999999999,-0.18327927,-0.08524041
rs2176775,16,85994910,-0.0096134905,-0.0096134905,0.0033677695,-0.01129737525,-0.00792960575
GSA-rs17396918,1,80677033,0.10843,0.10843,0.0076414,0.1046093,0.11225070000000001
GSA-rs12989666,2,50725225,0.054378698999999996,0.054378698999999996,0.045449361,0.0316540185,0.0771033795
rs3095326,6,30758064,0.048365035,0.048365035,0.023726345,0.036501862499999996,0.0602282075
rs234043,3,172595577,0.2316725,0.2316725,0.0453457,0.20899964999999998,0.25434534999999997
GSA-rs1890948,1,44464193,-0.0625073,-0.0625073,0.008011240000000003,-0.06651292,-0.05850168
GSA-rs61889797,11,10246208,-0.29481179999999996,-0.29481179999999996,0.030868900000000005,-0.31024625,-0.27937734999999997
GSA-rs10490528,2,154355704,0.099351235,0.099351235,0.042976465,0.0778630025,0.12083946749999999
GSA-rs77508540,2,129516649,0.0113626,0.0113626,0.2095255,-0.09340015,0.11612535
GSA-rs1473432,12,98180768,0.031020150000000003,0.031020150000000003,0.13569415,-0.036826924999999996,0.098867225
ilmnseq_rs886040496_ilmndup1,13,32338132,0.006685285000000003,0.006685285000000003,0.063743455,-0.025186442499999996,0.0385570125
GSA-rs7667843,4,80699552,-0.02189216,-0.02189216,0.09134684000000001,-0.06756558,0.02378126
ilmnseq_rs33945777.2_F2BT_ilmndup1,11,5226576,-0.34201075000000003,-0.34201075000000003,0.07823345000000001,-0.381127475,-0.302894025
rs11195128,10,110426390,-0.054141188,-0.054141188,0.049786212,-0.079034294,-0.029248082
chr1-97981498,1,97515942,-0.0893341,-0.0893341,0.17397010000000002,-0.17631914999999998,-0.0023490499999999914
rs2160860,8,39965626,0.022777049999999993,0.022777049999999993,0.16057435,-0.05751012500000001,0.103064225
GSA-rs12567544,1,190944348,0.126037585,0.126037585,0.041517715,0.1052787275,0.14679644249999999
GSA-rs16827753,2,150057895,0.1892518,0.1892518,0.005077300000000007,0.18671315,0.19179045
GSA-rs17107222,10,80595652,-0.10964752,-0.10964752,0.12255998000000001,-0.17092751,-0.048367530000000006
GSA-rs7610618,3,149439919,0.33085025,0.33085025,0.10671345,0.277493525,0.384206975
seq-rs794728684,10,43077259,0.031603049999999994,0.031603049999999994,0.18833275,-0.062563325,0.125769425
GSA-rs115936056,1,216321023,0.3398609,0.3398609,0.117007,0.2813574,0.3983644
GSA-rs74897717,13,57383744,0.12278234499999999,0.12278234499999999,0.213131755,0.016216467499999998,0.22934822249999998
rs4240748,12,91853010,0.086257425,0.086257425,0.105393275,0.03356078750000001,0.1389540625
rs6759673,2,54939014,0.01040783,0.01040783,0.02456555,-0.0018749450000000011,0.022690605
GSA-rs12607954,18,6646332,0.068222205,0.068222205,0.008370294999999996,0.0640370575,0.0724073525
seq-rs144352852.1,15,78593151,-0.36909770000000003,-0.36909770000000003,0.15411970000000003,-0.44615755,-0.29203785000000004
GSA-rs117020868,7,29289837,0.02616829999999999,0.02616829999999999,0.19524550000000002,-0.07145445,0.12379104999999999
GSA-rs2333874,8,104414694,0.27531395000000003,0.27531395000000003,0.05535745,0.24763522500000001,0.302992675
GSA-rs114775362,3,19795009,0.0037372499999999975,0.0037372499999999975,0.10432545,-0.048425475,0.055899975
GSA-rs76228369,11,60948988,0.09801295500000001,0.09801295500000001,0.148587045,0.0237194325,0.1723064775
GSA-rs17558693,18,7857903,-0.048549275,-0.048549275,0.031133314999999998,-0.0641159325,-0.0329826175
rs12032907,1,164161682,0.1552505,0.1552505,0.023631,0.143435,0.167066
exm2271644,11,112118869,-0.18328955000000002,-0.18328955000000002,0.05689555,-0.211737325,-0.15484177500000001
GSA-rs553351,11,86539324,0.32269745,0.32269745,0.0015781500000000004,0.321908375,0.32348652499999997
GSA-rs56263526,2,217065082,0.127051005,0.127051005,0.071555895,0.0912730575,0.1628289525
rs2099505,2,24816935,-0.002214240000000001,-0.002214240000000001,0.03277278,-0.01860063,0.014172149999999998
rs2191349,7,15024684,0.005607214999999999,0.005607214999999999,0.062199014999999996,-0.0254922925,0.0367067225
rs929212,17,69556749,0.008012399999999996,0.008012399999999996,0.11123949999999999,-0.04760735000000001,0.06363215
rs970548,10,45517829,0.035954940000000005,0.035954940000000005,0.00945429,0.031227795000000003,0.040682085
GSA-rs12533067,7,6151798,-0.16501860000000002,-0.16501860000000002,0.017796500000000007,-0.17391685,-0.15612035
GSA-rs10135297,14,39655883,0.033168055,0.033168055,0.005439025,0.030448542500000002,0.0358875675
GSA-rs10748349,12,43076739,0.143647,0.143647,0.026275099999999996,0.13050945,0.15678455
GSA-rs10845065,12,10204315,0.054070135000000005,0.054070135000000005,0.08501356500000001,0.011563352499999999,0.0965769175
GSA-rs10998920,10,69696079,-0.06769581,-0.06769581,0.01279578,-0.0740937,-0.061297920000000006
GSA-rs11537814,1,214663867,0.14241595,0.14241595,0.02043445,0.13219872500000002,0.152633175
GSA-rs117944468,11,82930932,0.20454930000000002,0.20454930000000002,0.099029,0.1550348,0.2540638
GSA-rs117956866,21,16457686,-0.16055263,-0.16055263,0.14341847,-0.232261865,-0.08884339499999999
GSA-rs12999750,2,114818942,-0.010819435,-0.010819435,0.023507055,-0.0225729625,0.0009340925000000007
GSA-rs1478871,13,81304154,0.008105135,0.008105135,0.103966865,-0.0438782975,0.0600885675
GSA-rs1939344,11,129072069,-0.22349215,-0.22349215,0.01389535,-0.230439825,-0.21654447500000001
GSA-rs2008026,8,96505859,0.087220725,0.087220725,0.021073875000000006,0.07668378749999999,0.09775766250000001
GSA-rs2011857,15,61076428,-0.105176425,-0.105176425,0.030849475,-0.1206011625,-0.08975168750000001
GSA-rs2646828,1,217369019,0.13814359999999998,0.13814359999999998,0.007579299999999997,0.13435395,0.14193324999999998
GSA-rs2982481,1,167514069,0.125334215,0.125334215,0.029031484999999996,0.1108184725,0.1398499575
GSA-rs62314682,4,134531634,0.07477618,0.07477618,0.02423366,0.06265935,0.08689301
GSA-rs73101145,12,46186567,-0.0033406105000000005,-0.0033406105000000005,0.0067969295,-0.0067390752500000005,5.785424999999985e-05
GSA-rs75487318,10,122733264,0.010898875,0.010898875,0.031134675,-0.004668462500000001,0.026466212500000003
GSA-rs899609,15,94027349,-0.048483059999999994,-0.048483059999999994,0.08891794,-0.09294203,-0.004024090000000001
ilmnseq_15:92440277,15,91897047,-0.0003136800000000002,-0.0003136800000000002,0.054638610000000004,-0.027632985,0.027005625
rs17007869,2,29312195,0.040697495,0.040697495,0.024264935,0.0285650275,0.0528299625
rs3093023,6,167120802,-0.01153896,-0.01153896,0.03586552,-0.02947172,0.0063938000000000016
rs4077468,1,205945629,0.117049675,0.117049675,0.053013825,0.09054276250000001,0.1435565875
rs4926670,1,55197007,0.105675235,0.105675235,0.05692446500000001,0.0772130025,0.1341374675
rs800292,1,196673103,0.11866704,0.11866704,0.05874006000000001,0.08929701000000001,0.14803707
rs10936601,3,169810661,0.2420178,0.2420178,0.04475790000000002,0.21963885,0.26439675
GSA-rs1157663,13,60806989,0.017046924999999997,0.017046924999999997,0.08373987499999999,-0.024823012500000005,0.0589168625
GSA-rs12741991,1,82306279,0.0950355,0.0950355,0.023285599999999997,0.0833927,0.1066783
GSA-rs62520902,8,72354476,0.021092065,0.021092065,0.001706474999999999,0.0202388275,0.0219453025
rs17676191,17,39793671,0.008780580000000001,0.008780580000000001,0.03067669,-0.006557765,0.024118925000000003
rs2295275,6,42256808,0.086428795,0.086428795,0.0050232149999999975,0.0839171875,0.0889404025
GSA-rs118144862,16,53230203,0.12243755,0.12243755,0.023359949999999997,0.110757575,0.134117525
GSA-rs115757195,1,168604249,0.125831235,0.125831235,0.028992565000000005,0.1113349525,0.1403275175
GSA-rs79550814,11,79304602,0.2932784,0.2932784,0.1059641,0.24029635,0.34626045
GSA-rs75045402,20,14656304,0.10913793499999999,0.10913793499999999,0.048517365,0.0848792525,0.1333966175
ilmnseq_1:98263561_ilmndup1,1,97798005,-0.061463149999999994,-0.061463149999999994,0.19325875,-0.15809252499999998,0.03516622500000001
GSA-rs76906325,13,79775571,-0.0035451899999999967,-0.0035451899999999967,0.07204042,-0.0395654,0.03247502000000001
GSA-rs12023857,1,159388292,0.16671265000000002,0.16671265000000002,0.010631149999999992,0.161397075,0.172028225
ilmnseq_rs1597768_ilmndup1,5,102321151,0.18591783,0.18591783,0.11840616999999999,0.126714745,0.245120915
rs2056527,3,152990140,0.030446435,0.030446435,0.072934565,-0.006020847499999996,0.0669137175
rs3769821,2,201258707,0.0764372,0.0764372,0.0269567,0.06295885,0.08991555
GSA-rs118074019,10,102864047,-0.014891895,-0.014891895,0.043930525,-0.0368571575,0.0070733675
rs75240316,11,124030209,-0.0185347015,-0.0185347015,0.0202297985,-0.02864960075,-0.00841980225
GSA-rs80164954,2,194546432,0.043366699999999994,0.043366699999999994,0.1508548,-0.0320607,0.11879409999999999
GSA-rs35021404,8,18836317,-0.1251057,-0.1251057,0.002956100000000003,-0.12658375,-0.12362765
GSA-rs77816201,12,25944082,0.11069691,0.11069691,0.022773790000000002,0.099310015,0.12208380499999999
rs2145998,10,79361940,0.053723365999999995,0.053723365999999995,0.058792333999999995,0.024327199,0.083119533
rs2454399,12,115398031,0.13756680999999998,0.13756680999999998,0.046537289999999995,0.11429816500000001,0.160835455
rs3757173,6,137869017,0.021540675000000002,0.021540675000000002,0.10210892499999999,-0.0295137875,0.0725951375
GSA-rs10513992,18,70069467,-0.03259326,-0.03259326,0.07365144,-0.06941897999999999,0.00423246
JHU_19.571780,19,571781,-0.22630026,-0.22630026,0.25971604,-0.35615828000000005,-0.09644223999999998
GSA-rs74060395,14,71699867,-0.020505525,-0.020505525,0.0007519850000000002,-0.020881517500000002,-0.0201295325
GSA-rs4915182,1,199653885,0.05858708,0.05858708,0.008907509999999997,0.054133324999999996,0.06304083499999999
GSA-rs10510185,3,154240,0.07801274000000001,0.07801274000000001,0.06419956000000002,0.04591296,0.11011252000000002
GSA-rs77992699,12,127198109,-0.009252884999999995,-0.009252884999999995,0.074006495,-0.04625613249999999,0.0277503625
GSA-rs79455444,20,40446085,-0.0243262,-0.0243262,0.1296438,-0.0891481,0.040495699999999996
rs7511784,1,221118246,0.2159454,0.2159454,0.0245287,0.20368105,0.22820975
GSA-rs117839286,4,13057251,0.08261041999999999,0.08261041999999999,0.16529188,-3.551999999999722e-05,0.16525636
GSA-rs12435275,14,26744235,0.18602823,0.18602823,0.14128327,0.115386595,0.256669865
rs7895307,10,112984202,-0.05716779,-0.05716779,0.01175027,-0.063042925,-0.051292655000000006
rs12598646,16,11312662,-0.07047556499999999,-0.07047556499999999,0.156573235,-0.1487621825,0.007811052499999999
rs6038010,20,4883140,0.11969821,0.11969821,0.06820629,0.085595065,0.153801355
GSA-rs147837424,15,93883474,0.0636921,0.0636921,0.3640709,-0.11834335000000001,0.24572755000000002
